# Number of parameters = 1593 Objective function value = 1384.75151390345  Maximum gradient component = 0.000166791692228721
# Mest[1]:
0.280000000000
# log_Linf[1]:
4.29810139974
# log_k[1]:
-1.83258146375
# log_Lo[1]:
2.60712428251
# log_sdage[1]:
-2.40794560865
# mean_log_rec[1]:
9.28988645509
# steepness[1]:
0.650000000000
# log_Rzero[1]:
9.38794327014
# rec_dev:
 -0.0804576948300 -0.103790761436 -0.132776606298 -0.168459671558 -0.211213572435 -0.262307597735 -0.314621096895 -0.376146435862 -0.436352661003 -0.485704255022 -0.542981189677 -0.758406421987 -0.508273660554 -0.270056790136 -0.619879674383 -0.814815238133 -0.187901017008 0.112558514065 0.154203093343 0.393465948456 0.387393325852 0.391749564473 0.442613014081 0.559151083197 0.933630522169 0.688931951137 0.817310194166 1.65854108327 1.65125919632 0.790310470803 0.296524262913 0.411393789867 0.572374972076 0.786608890409 0.321319425861 0.234569179624 0.501821726849 0.196968411870 0.413941337841 0.476871338261 0.676883979310 0.829591188246 0.438403122351 0.570193753891 -0.169109219444 -0.105743880231 0.215564628817 -0.322158509936 -1.43836135413 -0.725400803848 -0.313312117898 -0.837988781261 -1.16937246403 -1.12909959784 -1.12463725618 -0.747938511748 -0.786523532202 -0.480683858898 -0.121851705951 0.0963288241127 -0.118036807915 -0.312080271323 -0.0251574389072 -0.511917636353 -0.758656890712 -0.262010217433 0.279132799505 -0.666557520404
# log_sigmar[1]:
-0.510825623766
# fmort:
 -4.67725259628 -4.25947486711 -4.99109234915 -4.67511186583 -3.92520112957 -3.65419149079 -3.42806109626 -3.51090334074 -2.85800922417 -3.01109867968 -3.35885477822 -2.97252856692 -2.23198659275 -3.17475886547 -2.34039406603 -2.89464846985 -5.26529901883 -3.94019204200 -4.30824745648 -4.39686661411 -4.42683634756 -4.04231428409 -3.91564071391 -3.72234334728 -4.16254882656 -3.86713236846 -3.48343765442 -4.37932545223 -5.50599861391 -4.93891218432 -4.61325012139 -3.89061863270 -4.70970576888 -4.24532662619 -4.07965468025 -3.78009613417 -3.80956803509 -3.32085988767 -2.65439749953 -2.84486941458 -2.48880850802 -4.00043614500 -4.83290395628 -4.24065471404 -4.09958827024 -3.69889478285 -3.96792109416 -3.46883616647 -4.54902859046 -4.75040569530 -3.49813189298 -3.41972414052 -3.49455589983 -3.58875694160 -3.18667199452 -2.62413097830 -3.01039729311
 -7.06093004266 -6.61553537693 -6.14779605223 -5.59153179951 -5.87439311297 -5.21296494516 -4.72368708871 -4.44679434923 -4.03800130466 -3.85586943824 -3.72175315582 -2.95150209965 -2.70363637532 -2.98012230044 -2.63452484725 -2.29800087804 -2.17533159891 -1.90269893015 -1.85894402303 -1.78001464934 -1.75080776817 -1.34634076572 -0.900258597475 -0.782791401884 -0.398060220356 0.175271548720 0.478591664387 0.734518787607 0.368592019863 0.0177331316298 -0.316962418760 -0.107590513513 -0.0345934255117 -0.234207358627 -0.347083655218 -0.260452627226 -0.348223777090 -0.262307637585 -0.624265610126 -0.558969842540 -1.16350235220 -1.20172594985 -1.18170915197 -1.23654450182 -1.17637355218 -1.07165651745 -1.02391129996 -0.987192309078 -0.852152124008 -0.971901057574 -0.815231246469 -0.669786861176 -0.581391065479 -0.490248602802 -0.0240491946339 -0.0888804334834 -0.515838893891
 -8.38141741262 -7.65461635905 -6.72968004130 -5.91888838089 -4.86564022384 -5.95854509178 -5.47362290444 -3.28075671713 -3.72251823051 -3.94079033989 -3.74796179737 -3.66274304415 -4.71462437512 -4.88074483500 -4.55666981077 -5.30985944367 -6.04682209908 -6.26793547835 -5.25256950232 -5.07718157971 -4.31803700345 -4.42448431163 -5.08400811651 -5.01479023186 -4.54992429226 -3.14358417247 -2.81026238605 -2.33988921730 -2.40009458182 -3.11689771530 -3.06754068346 -2.19487172244 -3.95074935591 -3.60456057438 -3.62805687790 -4.18960910354 -2.98564389633 -2.93772869582 -2.80829489022 -3.01113504842 -4.78023402149 -2.39705661897 -2.84816606996 -3.57382262946 -3.75931504164 -5.05485089561 -5.67147145543 -6.34954662593 -4.77695340806 -4.20997544570 -4.22327595902 -4.39492582784 -4.24665449364 -3.84349992299 -3.85509252958 -3.83972708054 -4.25354886108
 -9.59692337737 -9.54132564637 -7.77894824530 -9.42494967829 -9.35742004393 -9.28736081255 -9.18226055267 -8.32964679512 -5.13186834861 -3.05729568271 -3.06050025323 -2.74185143619 -2.12071901425 -1.83780846869 -1.61287726348 -1.88888950542 -2.05253330341 -2.30762197815 -2.54291901004 -2.72510016171 -2.86561269120 -3.36766446964 -5.90987553344 -9.39069923885 -9.18643849654 -8.87990495560 -8.48121190347 -8.12013866675 -7.96919799661 -8.12426137833 -7.70462113875 -5.77467895819 -4.63241650133 -3.98489473075 -3.27958363448 -3.40393458496 -2.93561381448 -2.51521077657 -2.25299639213 -2.00497967043 -2.09198620261 -3.24861055410 -3.57274710049 -3.60199670221 -3.21997939123 -3.05141866853 -3.53513236778 -3.60620766410 -3.61490363361 -3.77647002651 -6.24117016956 -4.03541726589 -3.88752177659 -3.55443998186 -4.49844662080 -4.17597658564 -3.73101931224
# log_selcoffs_fsh[1]:
 -3.49427405930 -1.89556341030 -0.908893091891 0.0620331527249 0.843846622052 0.941141755593 0.321575685251 -0.403186549278 -0.875290977454
 -3.07207153136 -1.42288159937 -0.752958952650 0.000124613804623 0.729582774378 0.884961424856 0.385180535253 -0.257100286107 -0.690581256193
 -2.78082493737 -1.30480487453 -0.502562529937 0.225599318529 0.707312372646 0.708600007922 0.311307237327 -0.202635497579 -0.566914651082
 -2.42776844281 -1.12830144930 -0.482003401829 0.104873798152 0.744509885771 0.706754322332 0.265278490482 -0.202010244550 -0.500251185729
 -1.83967569058 -0.291732261328 0.0167563522293 0.241295520390 0.428192574675 0.424366788687 0.177405400330 -0.145628840849 -0.381742692144
 -1.73326784662 -0.538024085107 0.446376517614 0.655239187405 0.291740481158 0.0901547004564 -0.0861485317156 -0.283743623612 -0.434430074017
 -1.44817872677 -0.396134263026 0.493557517155 0.737688454690 0.297156618698 -0.0505020446513 -0.255778198661 -0.393728757333 -0.482518256628
 -1.03013166935 -0.213606707584 0.557813238747 0.758339842865 0.208087668765 -0.170666676056 -0.385859407109 -0.490446860540 -0.532468128232
 -0.751090636803 0.244466000081 0.450078219096 0.575032829075 0.274480984185 -0.190394641653 -0.462682789903 -0.560877953736 -0.574822151091
 -0.580699037600 0.387745332336 0.566953954562 0.548877911038 0.129952658498 -0.324781987280 -0.580478805056 -0.648251448068 -0.637540413280
 -0.103241669145 0.878102674552 0.464952153564 0.184029311450 -0.202532933163 -0.514466124806 -0.690223231388 -0.726319533028 -0.696868229453
 0.102492806783 0.796500145783 0.613047182182 0.180206619359 -0.354115921087 -0.636345194855 -0.762631568340 -0.782258614570 -0.742407861736
 -0.254302716727 1.09067000410 0.657555962244 -0.0222674096779 -0.541608615441 -0.774938327891 -0.853342848096 -0.850129863424 -0.811174953702
 0.151629586100 0.999704242754 0.645464183593 -0.0432460582143 -0.606622193370 -0.826650697692 -0.884317140830 -0.866120358405 -0.825610328234
 0.0722086755071 1.14695695234 0.537518136777 -0.116397175720 -0.646825092438 -0.866600670346 -0.921401530157 -0.897636856819 -0.855496641757
 -0.390040955333 1.17592500522 0.715286508320 -0.0750029835066 -0.670613576191 -0.900517087045 -0.957121394718 -0.929778597820 -0.884486806997
 -0.294449110730 1.22284945784 0.636105741046 -0.105732972852 -0.696199669126 -0.924443435488 -0.977840639018 -0.944638914682 -0.893405400148
 0.311341726915 1.02153885078 0.656440462141 -0.138805485178 -0.722093746514 -0.939521697930 -0.983047340435 -0.937179423284 -0.875834051676
 0.783660912359 0.973436023144 0.359736290197 -0.290659002628 -0.796283707297 -0.989970313693 -1.01884359204 -0.954984456274 -0.881017948370
 0.412387513828 1.17554701522 0.484969478246 -0.324342464821 -0.873270916537 -1.05638581384 -1.06229848109 -0.972807255889 -0.882945181701
 0.547689849264 1.21371085523 0.366874713573 -0.446566283404 -0.967917626569 -1.12935233797 -1.10713589136 -0.987438991216 -0.878016412507
 0.319184775599 1.30133787334 0.473905308645 -0.511066315323 -1.07287806881 -1.21118217421 -1.15277440505 -0.999524555216 -0.867516342937
 0.491204821026 1.19875625693 0.506979779849 -0.459350105365 -1.07624062846 -1.23575611582 -1.16448655129 -0.981184721586 -0.822519425676
 0.330419990855 1.30052781503 0.429521612582 -0.484732079328 -1.07120473071 -1.23717528117 -1.16530247434 -0.962489942470 -0.780314286318
 0.595585145697 1.19468200701 0.328674353624 -0.485645425054 -1.03349054322 -1.20456793245 -1.12941686295 -0.906601354693 -0.700626343786
 0.642422659937 1.09958863259 0.333607346363 -0.389633763879 -0.992874970949 -1.16750901282 -1.06379980794 -0.815733696068 -0.591346748998
 -0.0523955909229 1.20947370672 0.502695672453 -0.247988310204 -0.899945254899 -1.07445579704 -0.954658640219 -0.688700071609 -0.461181641134
 0.162064862194 1.02367871974 0.482068044621 -0.283973547608 -0.802348249056 -0.926808249510 -0.779097448660 -0.503924670681 -0.272627248355
 1.00780399130 0.556262559010 -0.0605009142735 -0.544277683426 -0.827529748460 -0.837555537473 -0.635881823990 -0.344287845976 -0.120318240179
 0.531886910929 0.880324087185 -0.0586286434055 -0.696302638712 -0.853107701713 -0.739678774004 -0.474641749698 -0.161617118054 0.0662233775815
 0.305818971203 0.822358554701 -0.179658147967 -0.727244872360 -0.805675753297 -0.624920007386 -0.307072516800 0.0288733925549 0.262845908978
 0.189537657947 0.448338675592 -0.269154066901 -0.650843030095 -0.664765877576 -0.461953804032 -0.115488633485 0.242976533644 0.488306604007
 -0.702057805796 0.141477643209 -0.229522627039 -0.470610384449 -0.411443181854 -0.254805290784 0.0639698490838 0.406422904241 0.656311292569
 -1.20946263413 -0.549632105215 -0.572761165780 -0.406009502434 -0.182809260574 -0.0508758364772 0.292025889508 0.514810307831 0.741188542505
 -0.849075056005 -0.363585509730 -0.862643974926 -0.846984829877 -0.512386658345 -0.149639198758 0.260816775034 0.617579515933 0.881182982832
 -0.267515516334 -1.24829531155 -1.37505289738 -1.05309954498 -0.604407253238 -0.157500286524 0.292851442831 0.691089725666 0.959058654250
 -1.52810287797 -1.62685052636 -1.51966942315 -0.980650834191 -0.450184959133 -0.0566378507395 0.400024463717 0.773332932922 1.01209900332
 -2.34348854664 -1.84047432963 -1.55397475082 -1.01349373256 -0.456422327332 0.00625713587355 0.397044927427 0.784913457428 1.04782690900
 -2.59641016653 -2.50505756474 -2.13275076163 -1.39860717375 -0.556659756077 0.0935458040307 0.557813842821 0.854173489109 0.997271332647
 -3.06569997953 -2.88605005521 -2.38917163464 -1.54155134269 -0.634172590768 0.122235300475 0.611755023277 0.864636840097 0.998285750595
 -3.23414656219 -2.93846934514 -2.33075446351 -1.54763981431 -0.735425792227 -0.0478077650656 0.488852077821 0.904893053625 1.11938115804
 -3.67296462731 -2.99105888372 -2.16456156116 -1.45407000510 -0.768884210463 -0.137813469346 0.388154499779 0.886944301551 1.20573073288
 -3.92928180413 -3.08863640877 -2.20139780983 -1.47427511854 -0.823409752671 -0.203032250003 0.375317488364 0.896441566090 1.23363284781
 -3.94808119290 -3.11172728616 -2.26843900535 -1.50508373211 -0.824328355427 -0.214151836656 0.390099921581 0.916133288374 1.22030529467
# log_selcoffs_fsh[2]:
 -2.05011707251 -0.171008425807 0.583355402150 0.891131537481 0.572723386994 0.000918646599746 -0.417350962712 -0.684274750810 -0.815661208795 -0.870034865561
 -1.97482889036 -0.100526493974 -0.146944720873 0.398236883677 0.768799773010 0.559795851579 0.00930562555102 -0.437123371139 -0.630917854748 -0.674363530839
 -2.48807806201 -0.661152943122 -0.216232733130 0.274894741155 0.748929878291 0.692553239845 0.183770873370 -0.284769658063 -0.484330337249 -0.518943363582
 -2.86376892190 -1.26545025048 -0.358699684861 0.148941125968 0.694131126999 0.784187672545 0.269297462284 -0.148137660901 -0.318410231718 -0.341942747590
 -2.46726779009 -0.893136640372 -0.794650914171 -0.296243187540 0.446405955909 0.758316721727 0.431834565996 0.118134269189 -0.0156702655341 -0.0375195032670
 -1.98509186311 -0.866410097676 -0.600931283227 -0.497790595792 0.000622391729033 0.402092123991 0.469825651980 0.387904693425 0.318833150245 0.293641386759
 -2.64404375140 -1.33477491868 -0.454497831455 -0.265760983396 -0.157878468355 0.136798033609 0.388983988507 0.486224545714 0.473032754655 0.442934359048
 -3.21934105936 -2.18204914227 -1.33575402386 -0.600771381829 0.000861194434381 0.348054441776 0.557950757914 0.535411777160 0.485731875770 0.430538196497
 -3.53663491880 -2.47836371975 -1.83510642177 -1.12352984170 -0.337154790340 0.223743404851 0.589795941843 0.738542383572 0.653020433455 0.482361420506
 -3.71717909377 -2.42751073656 -1.70995415008 -1.24440444003 -0.802223143685 -0.212294406068 0.369181784359 0.868921606101 0.914707509003 0.606751939030
 -3.69758765894 -2.11348903878 -1.31512523503 -0.897122898102 -0.601592400161 -0.364518109621 0.102320216557 0.707554383222 0.943378392639 0.802155793647
 -3.76963329658 -2.19235121172 -1.29093289510 -0.832406073993 -0.517165632331 -0.237831406338 0.270761434922 0.626740348003 0.813618291267 0.846815314764
 -3.65755367952 -1.68871826590 -1.01675339754 -0.626570896348 -0.410522434496 -0.347678919451 0.0475525503186 0.447692024857 0.789291888298 0.996356402847
 -3.35942506671 -1.68079612142 -0.788980668759 -0.530559516360 -0.489708880662 -0.390293937877 -0.0809872780274 0.336750238271 0.784267949009 1.07615388466
 -3.12495547230 -1.00098370704 -0.800632173979 -0.670378886976 -0.743884923805 -0.607105997952 -0.198469135607 0.303538391959 0.822094501034 1.14990884364
 -2.93888509869 -0.816199337357 -0.717504485607 -0.804955318177 -0.877214801407 -0.704773660028 -0.263383446330 0.272255000137 0.823057146296 1.19419799679
 -2.65182856315 -1.00114735729 -0.829448390766 -0.826811303277 -0.962560539467 -0.831739635694 -0.399224531215 0.207114612754 0.849882586710 1.28943857499
 -2.93749638597 -1.13124180831 -0.783063614044 -0.805932648428 -0.941478139548 -0.850545236903 -0.432489653474 0.174255307876 0.834205244396 1.32474539412
 -3.05301322561 -1.41079838917 -0.904693302759 -0.871086416713 -0.964282748065 -0.810829708832 -0.385017450660 0.210219573314 0.845994434315 1.33900490809
 -3.15965618542 -1.51776572432 -1.24788709370 -0.965039024175 -0.963669436216 -0.790904447353 -0.335632621433 0.264507974967 0.882967340223 1.33489967005
 -3.13407535267 -1.58041961192 -1.05199422235 -0.838889113592 -0.906584065504 -0.824251616653 -0.390341614749 0.236613017890 0.869671936298 1.33415110665
 -3.37720859170 -1.45716652514 -0.944474433136 -0.609507488054 -0.703905820513 -0.714629350753 -0.374691139526 0.172299216432 0.799260311939 1.31291865409
 -3.68680043928 -2.11390310148 -1.03314620250 -0.562111842138 -0.503523406531 -0.601751868486 -0.381834429058 0.0761724274437 0.725834228363 1.37316690172
 -3.76138166900 -2.47948135692 -1.41074183277 -0.641146755307 -0.224727338594 -0.235609388750 -0.0697695105085 0.228311294987 0.698220688080 1.20424183423
 -3.68659594577 -2.20981632957 -1.40943692340 -0.904378533414 -0.372109959086 -0.0158300278858 0.169310827451 0.422993131536 0.688257903638 1.04426785284
 -3.70690515581 -2.32015017836 -1.44653126500 -0.575308646835 -0.0995339511789 0.157006571468 0.348592522243 0.552258454978 0.663365555094 0.646291480717
 -3.83962394159 -1.84519722962 -1.05575627202 -0.0926890448511 0.296407686077 0.361751024570 0.396778796426 0.494571602803 0.376969513532 0.178611260914
 -3.95705500747 -1.55969499090 -0.640754143337 -0.0120039667574 0.474423706059 0.492818266715 0.554349458250 0.321176488597 0.0430877972593 -0.164732701074
 -4.06316974524 -2.46781019890 -1.52323262574 -0.0915990943330 0.416756579956 0.465043063458 0.608370469141 0.323960167183 0.220744910751 0.175137650085
 -4.19722195855 -2.44695652009 -1.21196228663 -0.427795032796 0.448452520010 0.455826651615 0.336590335789 0.255063226310 0.371179185820 0.510025104492
 -4.01356304771 -1.98183135008 -0.743419901017 -0.197605435190 -0.151472799004 -0.0517936836371 0.123595424234 0.311426734928 0.604327589006 0.880464046344
 -3.89758198543 -2.05367934868 -1.09659979923 -0.519064185410 -0.272232413934 -0.258825709041 -0.0522847851549 0.325243342815 0.730424077946 1.09170286249
 -3.38952838187 -1.38379692085 -1.21728181302 -0.920868716547 -0.497485791842 -0.330049216647 -0.173576365273 0.275204698922 0.802351875417 1.19581858821
 -3.95964806974 -1.81591226404 -1.12064924663 -0.695938459722 -0.422562211353 -0.223961335629 -0.0763219194154 0.277498619152 0.757864037703 1.15019179907
 -4.29750409352 -2.25809844262 -1.49662475605 -0.981445583466 -0.447830309475 -0.151919372362 0.0984352808952 0.406160487737 0.792400578098 1.08921684273
 -4.70102146595 -2.70333852206 -1.60773509803 -1.01531748467 -0.538948794524 -0.248986834570 0.0684065981557 0.447631667840 0.803306282698 1.14104533538
 -5.11688409149 -3.28334488435 -2.06661760007 -1.12848697736 -0.373700416818 -0.0472996900836 0.225266361835 0.523027057750 0.779060642853 1.00984492029
 -5.36789100865 -3.63767146849 -2.68955537740 -1.79260808219 -0.823515632667 -0.161112097012 0.238103485828 0.569014589605 0.852215785155 1.11981940486
 -5.59717808065 -3.99870198403 -2.71267608973 -1.97103613987 -1.10837545104 -0.458003423966 0.0442775134904 0.476564947814 0.886643844392 1.31556739765
 -5.72503309533 -4.34616496222 -3.05184037971 -2.07216771558 -1.43451645088 -0.800551312813 -0.248807092270 0.292879769712 0.883167843716 1.52272965575
 -5.80295963300 -4.26085530015 -2.90181597484 -1.85556848580 -1.24471979611 -0.895371046500 -0.499978703487 0.0128026404530 0.803462268231 1.65296049182
 -5.87050129339 -4.11981550498 -2.64731185009 -1.76218953511 -1.09170638401 -0.888987927485 -0.734053068925 -0.282338529706 0.638835643182 1.76873887890
 -6.21160311649 -4.44575588103 -2.61141067937 -1.27575660533 -0.768287114362 -0.507472516985 -0.514630197558 -0.297883703879 0.557014076030 1.70151211044
 -6.18906685641 -4.46679285732 -2.86693198120 -1.55523549088 -0.682471723639 -0.402174016027 -0.294169660262 -0.0336897833854 0.700900969961 1.57207478106
# log_selcoffs_fsh[3]:
 -3.35414249542 -0.715161968101 1.56286244062 0.682778631301 -1.04554600726 -1.92332501175 -1.76257485446 -1.02652793791 -0.361480908675
 -3.10914026294 -0.0565493498395 1.61023602415 -0.0243674259126 -1.44396037383 -1.96695952657 -1.66038605040 -0.816371889961 0.0222024913426
 -3.17544202178 0.629539612042 0.945277326726 -0.360990075687 -1.28926885278 -1.59589681474 -1.22361158980 -0.287942285137 0.828025763992
 -3.37506247999 0.390780300753 1.35564444210 0.160288225961 -0.916982308528 -1.35063360602 -1.18930200890 -0.626170715088 -0.0654215405400
 -3.45235162724 -1.12711467969 0.473865166439 1.02025579624 0.133884869406 -0.518730563584 -0.607734149139 -0.248287978316 0.183164618927
 -3.72701801551 -2.12219306835 -0.667205547853 0.656851757781 0.837195143880 0.120677360854 -0.208225496432 -0.0719636005394 0.209926326090
# log_selcoffs_fsh[4]:
 -2.21664986700 -1.82745352930 -1.40322001875 -0.923585954630 -0.415054762011 0.0798801465261 0.497267707888 0.783613586476 0.920383799445
 -2.20228780490 -1.82080848729 -1.40250718916 -0.926422501553 -0.412391209416 0.0822937344652 0.497470493265 0.782371967338 0.918910970840
 -2.17502943532 -1.80928230740 -1.40376282150 -0.929111314010 -0.412812259343 0.0896779837834 0.503884690077 0.780437981008 0.911830113751
 -2.13108743710 -1.78514941197 -1.39953705966 -0.941791041403 -0.417072760244 0.0968766897847 0.514805515957 0.781306299628 0.899569949743
 -2.05892482769 -1.73532614375 -1.37476015880 -0.933042859503 -0.433699770340 0.0908423257841 0.521911269697 0.784988360927 0.887471862103
 -1.96266264356 -1.64265266283 -1.32553258748 -0.924213892684 -0.424287573455 0.0877415833981 0.519632388239 0.779210472605 0.873985852153
 -1.84978837656 -1.53512167870 -1.21223297983 -0.866521925302 -0.422110012615 0.0850462485638 0.509517083489 0.764053240939 0.855894836370
 -1.71643258739 -1.41747046888 -1.10848635162 -0.761545925473 -0.368230556109 0.0806843362745 0.483110817057 0.735057174369 0.832156018895
 -1.54491801944 -1.25967950531 -0.990587316327 -0.689542485344 -0.314476624895 0.0889275287264 0.454135121790 0.695986928695 0.800247065723
 -1.35285556855 -1.06354925154 -0.795251027845 -0.578270701710 -0.297226644618 0.0628675521048 0.404958756500 0.651798079420 0.769156335917
 -1.17118371685 -0.883598012639 -0.599026609905 -0.385152981980 -0.230074649351 0.00795882949769 0.320926026263 0.585122678390 0.728000014656
 -1.00100036742 -0.745485619355 -0.475151049005 -0.228691009711 -0.0897342067049 0.0116263169999 0.225183278094 0.487322377766 0.659718216377
 -0.838287191360 -0.612037437856 -0.393698417551 -0.182319646856 -0.0198525983202 0.0713804794436 0.194524572338 0.396537624440 0.566266415002
 -0.674184849779 -0.474306388923 -0.291329612137 -0.137541352665 -0.0235696777093 0.0642602924557 0.180204173671 0.340141813624 0.472288275608
 -0.514662303953 -0.336675280572 -0.190776873400 -0.0892808171111 -0.0197996375470 0.0442981098855 0.140090062373 0.270636843837 0.378700635785
 -0.365205617868 -0.195246765926 -0.0907171800885 -0.0439830404617 -0.0184946051949 0.0125909879327 0.0803406512078 0.188568220567 0.283332646186
 -0.233514165178 -0.0280260124650 0.00545943506518 -0.0128590190064 -0.0282831636079 -0.0340008230513 0.00264142786729 0.0937686042171 0.185282661995
 -0.218266728818 0.0946012412592 0.212782735276 0.0469583862644 -0.0549333358338 -0.126127099374 -0.0967011758847 -0.0121576300344 0.0842308926115
 -0.272043443146 0.103366166306 0.394635067994 0.173749125288 -0.0891328862738 -0.184002192200 -0.196940365560 -0.108049918522 -0.00984684810205
 -0.418572971141 0.0378645765039 0.359347445852 0.362613583457 0.0272028504185 -0.196141274497 -0.224763590137 -0.161758391957 -0.0670746106861
 -0.587651886961 -0.0800418515226 0.197490803480 0.403735602739 0.266107714954 -0.0570279551417 -0.199326305692 -0.169677478195 -0.113303809367
 -0.796156805516 -0.334974674531 0.0429649570798 0.253505926118 0.337014648737 0.165173394626 0.00409440531129 -0.0511203355285 -0.0340491312211
 -0.975012771188 -0.547835866541 -0.119407711835 0.144895081485 0.287316116367 0.274006235392 0.174410236419 0.0947276325267 0.0613555004084
 -1.14579121905 -0.713774252743 -0.312640856241 0.0460360637983 0.272463074839 0.334767793570 0.280943039429 0.200747748931 0.145056899947
 -1.27488752796 -0.830565045351 -0.407070735112 -0.0170985074258 0.289598299157 0.370984814860 0.324704326858 0.243020570940 0.175903048069
 -1.41354343253 -0.969660403639 -0.555586113080 -0.139233835430 0.223792626203 0.418078164391 0.408858618885 0.321576384281 0.246467595206
 -1.53657472094 -1.06350467757 -0.729379826455 -0.275425378564 0.186223990745 0.433270587610 0.480298938191 0.391231280282 0.304420500254
 -1.70056594909 -1.29872775583 -0.879570835667 -0.320723830747 0.115335133499 0.327238562343 0.445683813888 0.499252888487 0.522078283554
 -1.22575077949 -1.27023459094 -0.976157417916 -0.559441141286 -0.106306038102 0.243434411617 0.466775548096 0.588266942013 0.645495825871
 -1.59639801566 -1.28945050481 -1.07908771491 -0.667026444924 -0.165154574718 0.236817340286 0.492255237445 0.640330218390 0.703460764003
 -1.52293379299 -1.10358697450 -1.04357536943 -0.801789409306 -0.402087760935 0.0407395609930 0.441853599558 0.719034968808 0.846292312506
 -1.42684857874 -0.736090756157 -0.769340358039 -0.800985816022 -0.555003045184 -0.137703536149 0.305446590322 0.694256468719 0.941517839443
 -1.49651012438 -0.388846419523 0.0697677761681 -0.231271443683 -0.326014658655 -0.219432073890 0.0700537887869 0.445633220748 0.729312487596
 -1.48377765583 -0.0890123163375 0.0369667166373 -0.0954534359168 -0.219940094300 -0.224469042147 -0.00557476408105 0.351918689856 0.638704886978
 -1.60943064384 -0.449842351542 0.110924553634 0.163717493006 -0.171455118118 -0.298269680920 -0.109755804736 0.316475200546 0.700223766002
 -1.66573654930 -0.634286828276 -0.141317922742 -0.0989701973591 -0.222477856776 -0.390609078189 -0.218426968086 0.368124733794 1.02269200683
 -1.04539628289 0.0507476907165 0.121494278656 -0.321962369389 -0.604758714386 -0.576553611521 -0.253684451076 0.326269456139 0.905318255821
 -0.878670110777 -0.280667759808 -0.00549950739203 -0.179077056025 -0.437953434845 -0.453649809514 -0.137928854588 0.396350593101 0.858922976103
# log_sel_spl_fsh[1]:
 0.00000000000 0.00000000000 0.00000000000 0.00000000000
 0.00000000000 0.00000000000 0.00000000000 0.00000000000
 0.00000000000 0.00000000000 0.00000000000 0.00000000000
 0.00000000000 0.00000000000 0.00000000000 0.00000000000
 0.00000000000 0.00000000000 0.00000000000 0.00000000000
 0.00000000000 0.00000000000 0.00000000000 0.00000000000
 0.00000000000 0.00000000000 0.00000000000 0.00000000000
 0.00000000000 0.00000000000 0.00000000000 0.00000000000
 0.00000000000 0.00000000000 0.00000000000 0.00000000000
 0.00000000000 0.00000000000 0.00000000000 0.00000000000
 0.00000000000 0.00000000000 0.00000000000 0.00000000000
 0.00000000000 0.00000000000 0.00000000000 0.00000000000
 0.00000000000 0.00000000000 0.00000000000 0.00000000000
 0.00000000000 0.00000000000 0.00000000000 0.00000000000
 0.00000000000 0.00000000000 0.00000000000 0.00000000000
 0.00000000000 0.00000000000 0.00000000000 0.00000000000
 0.00000000000 0.00000000000 0.00000000000 0.00000000000
 0.00000000000 0.00000000000 0.00000000000 0.00000000000
 0.00000000000 0.00000000000 0.00000000000 0.00000000000
 0.00000000000 0.00000000000 0.00000000000 0.00000000000
 0.00000000000 0.00000000000 0.00000000000 0.00000000000
 0.00000000000 0.00000000000 0.00000000000 0.00000000000
 0.00000000000 0.00000000000 0.00000000000 0.00000000000
 0.00000000000 0.00000000000 0.00000000000 0.00000000000
 0.00000000000 0.00000000000 0.00000000000 0.00000000000
 0.00000000000 0.00000000000 0.00000000000 0.00000000000
 0.00000000000 0.00000000000 0.00000000000 0.00000000000
 0.00000000000 0.00000000000 0.00000000000 0.00000000000
 0.00000000000 0.00000000000 0.00000000000 0.00000000000
 0.00000000000 0.00000000000 0.00000000000 0.00000000000
 0.00000000000 0.00000000000 0.00000000000 0.00000000000
 0.00000000000 0.00000000000 0.00000000000 0.00000000000
 0.00000000000 0.00000000000 0.00000000000 0.00000000000
 0.00000000000 0.00000000000 0.00000000000 0.00000000000
 0.00000000000 0.00000000000 0.00000000000 0.00000000000
 0.00000000000 0.00000000000 0.00000000000 0.00000000000
 0.00000000000 0.00000000000 0.00000000000 0.00000000000
 0.00000000000 0.00000000000 0.00000000000 0.00000000000
 0.00000000000 0.00000000000 0.00000000000 0.00000000000
 0.00000000000 0.00000000000 0.00000000000 0.00000000000
 0.00000000000 0.00000000000 0.00000000000 0.00000000000
 0.00000000000 0.00000000000 0.00000000000 0.00000000000
 0.00000000000 0.00000000000 0.00000000000 0.00000000000
 0.00000000000 0.00000000000 0.00000000000 0.00000000000
# log_sel_spl_fsh[2]:
 0.00000000000 0.00000000000 0.00000000000 0.00000000000
 0.00000000000 0.00000000000 0.00000000000 0.00000000000
 0.00000000000 0.00000000000 0.00000000000 0.00000000000
 0.00000000000 0.00000000000 0.00000000000 0.00000000000
 0.00000000000 0.00000000000 0.00000000000 0.00000000000
 0.00000000000 0.00000000000 0.00000000000 0.00000000000
 0.00000000000 0.00000000000 0.00000000000 0.00000000000
 0.00000000000 0.00000000000 0.00000000000 0.00000000000
 0.00000000000 0.00000000000 0.00000000000 0.00000000000
 0.00000000000 0.00000000000 0.00000000000 0.00000000000
 0.00000000000 0.00000000000 0.00000000000 0.00000000000
 0.00000000000 0.00000000000 0.00000000000 0.00000000000
 0.00000000000 0.00000000000 0.00000000000 0.00000000000
 0.00000000000 0.00000000000 0.00000000000 0.00000000000
 0.00000000000 0.00000000000 0.00000000000 0.00000000000
 0.00000000000 0.00000000000 0.00000000000 0.00000000000
 0.00000000000 0.00000000000 0.00000000000 0.00000000000
 0.00000000000 0.00000000000 0.00000000000 0.00000000000
 0.00000000000 0.00000000000 0.00000000000 0.00000000000
 0.00000000000 0.00000000000 0.00000000000 0.00000000000
 0.00000000000 0.00000000000 0.00000000000 0.00000000000
 0.00000000000 0.00000000000 0.00000000000 0.00000000000
 0.00000000000 0.00000000000 0.00000000000 0.00000000000
 0.00000000000 0.00000000000 0.00000000000 0.00000000000
 0.00000000000 0.00000000000 0.00000000000 0.00000000000
 0.00000000000 0.00000000000 0.00000000000 0.00000000000
 0.00000000000 0.00000000000 0.00000000000 0.00000000000
 0.00000000000 0.00000000000 0.00000000000 0.00000000000
 0.00000000000 0.00000000000 0.00000000000 0.00000000000
 0.00000000000 0.00000000000 0.00000000000 0.00000000000
 0.00000000000 0.00000000000 0.00000000000 0.00000000000
 0.00000000000 0.00000000000 0.00000000000 0.00000000000
 0.00000000000 0.00000000000 0.00000000000 0.00000000000
 0.00000000000 0.00000000000 0.00000000000 0.00000000000
 0.00000000000 0.00000000000 0.00000000000 0.00000000000
 0.00000000000 0.00000000000 0.00000000000 0.00000000000
 0.00000000000 0.00000000000 0.00000000000 0.00000000000
 0.00000000000 0.00000000000 0.00000000000 0.00000000000
 0.00000000000 0.00000000000 0.00000000000 0.00000000000
 0.00000000000 0.00000000000 0.00000000000 0.00000000000
 0.00000000000 0.00000000000 0.00000000000 0.00000000000
 0.00000000000 0.00000000000 0.00000000000 0.00000000000
 0.00000000000 0.00000000000 0.00000000000 0.00000000000
 0.00000000000 0.00000000000 0.00000000000 0.00000000000
# log_sel_spl_fsh[3]:
 0.00000000000 0.00000000000 0.00000000000 0.00000000000
 0.00000000000 0.00000000000 0.00000000000 0.00000000000
 0.00000000000 0.00000000000 0.00000000000 0.00000000000
 0.00000000000 0.00000000000 0.00000000000 0.00000000000
 0.00000000000 0.00000000000 0.00000000000 0.00000000000
 0.00000000000 0.00000000000 0.00000000000 0.00000000000
# log_sel_spl_fsh[4]:
 0.00000000000 0.00000000000 0.00000000000 0.00000000000
 0.00000000000 0.00000000000 0.00000000000 0.00000000000
 0.00000000000 0.00000000000 0.00000000000 0.00000000000
 0.00000000000 0.00000000000 0.00000000000 0.00000000000
 0.00000000000 0.00000000000 0.00000000000 0.00000000000
 0.00000000000 0.00000000000 0.00000000000 0.00000000000
 0.00000000000 0.00000000000 0.00000000000 0.00000000000
 0.00000000000 0.00000000000 0.00000000000 0.00000000000
 0.00000000000 0.00000000000 0.00000000000 0.00000000000
 0.00000000000 0.00000000000 0.00000000000 0.00000000000
 0.00000000000 0.00000000000 0.00000000000 0.00000000000
 0.00000000000 0.00000000000 0.00000000000 0.00000000000
 0.00000000000 0.00000000000 0.00000000000 0.00000000000
 0.00000000000 0.00000000000 0.00000000000 0.00000000000
 0.00000000000 0.00000000000 0.00000000000 0.00000000000
 0.00000000000 0.00000000000 0.00000000000 0.00000000000
 0.00000000000 0.00000000000 0.00000000000 0.00000000000
 0.00000000000 0.00000000000 0.00000000000 0.00000000000
 0.00000000000 0.00000000000 0.00000000000 0.00000000000
 0.00000000000 0.00000000000 0.00000000000 0.00000000000
 0.00000000000 0.00000000000 0.00000000000 0.00000000000
 0.00000000000 0.00000000000 0.00000000000 0.00000000000
 0.00000000000 0.00000000000 0.00000000000 0.00000000000
 0.00000000000 0.00000000000 0.00000000000 0.00000000000
 0.00000000000 0.00000000000 0.00000000000 0.00000000000
 0.00000000000 0.00000000000 0.00000000000 0.00000000000
 0.00000000000 0.00000000000 0.00000000000 0.00000000000
 0.00000000000 0.00000000000 0.00000000000 0.00000000000
 0.00000000000 0.00000000000 0.00000000000 0.00000000000
 0.00000000000 0.00000000000 0.00000000000 0.00000000000
 0.00000000000 0.00000000000 0.00000000000 0.00000000000
 0.00000000000 0.00000000000 0.00000000000 0.00000000000
 0.00000000000 0.00000000000 0.00000000000 0.00000000000
 0.00000000000 0.00000000000 0.00000000000 0.00000000000
 0.00000000000 0.00000000000 0.00000000000 0.00000000000
 0.00000000000 0.00000000000 0.00000000000 0.00000000000
 0.00000000000 0.00000000000 0.00000000000 0.00000000000
 0.00000000000 0.00000000000 0.00000000000 0.00000000000
# logsel_slope_fsh[1]:
 0.00000000000 0.00000000000 0.00000000000 0.00000000000 0.00000000000 0.00000000000 0.00000000000 0.00000000000 0.00000000000 0.00000000000 0.00000000000 0.00000000000 0.00000000000 0.00000000000 0.00000000000 0.00000000000 0.00000000000 0.00000000000 0.00000000000 0.00000000000 0.00000000000 0.00000000000 0.00000000000 0.00000000000 0.00000000000 0.00000000000 0.00000000000 0.00000000000 0.00000000000 0.00000000000 0.00000000000 0.00000000000 0.00000000000 0.00000000000 0.00000000000 0.00000000000 0.00000000000 0.00000000000 0.00000000000 0.00000000000 0.00000000000 0.00000000000 0.00000000000 0.00000000000
# logsel_slope_fsh[2]:
 0.00000000000 0.00000000000 0.00000000000 0.00000000000 0.00000000000 0.00000000000 0.00000000000 0.00000000000 0.00000000000 0.00000000000 0.00000000000 0.00000000000 0.00000000000 0.00000000000 0.00000000000 0.00000000000 0.00000000000 0.00000000000 0.00000000000 0.00000000000 0.00000000000 0.00000000000 0.00000000000 0.00000000000 0.00000000000 0.00000000000 0.00000000000 0.00000000000 0.00000000000 0.00000000000 0.00000000000 0.00000000000 0.00000000000 0.00000000000 0.00000000000 0.00000000000 0.00000000000 0.00000000000 0.00000000000 0.00000000000 0.00000000000 0.00000000000 0.00000000000 0.00000000000
# logsel_slope_fsh[3]:
 0.00000000000 0.00000000000 0.00000000000 0.00000000000 0.00000000000 0.00000000000
# logsel_slope_fsh[4]:
 0.00000000000 0.00000000000 0.00000000000 0.00000000000 0.00000000000 0.00000000000 0.00000000000 0.00000000000 0.00000000000 0.00000000000 0.00000000000 0.00000000000 0.00000000000 0.00000000000 0.00000000000 0.00000000000 0.00000000000 0.00000000000 0.00000000000 0.00000000000 0.00000000000 0.00000000000 0.00000000000 0.00000000000 0.00000000000 0.00000000000 0.00000000000 0.00000000000 0.00000000000 0.00000000000 0.00000000000 0.00000000000 0.00000000000 0.00000000000 0.00000000000 0.00000000000 0.00000000000 0.00000000000
# sel50_fsh[1]:
 0.00000000000 0.00000000000 0.00000000000 0.00000000000 0.00000000000 0.00000000000 0.00000000000 0.00000000000 0.00000000000 0.00000000000 0.00000000000 0.00000000000 0.00000000000 0.00000000000 0.00000000000 0.00000000000 0.00000000000 0.00000000000 0.00000000000 0.00000000000 0.00000000000 0.00000000000 0.00000000000 0.00000000000 0.00000000000 0.00000000000 0.00000000000 0.00000000000 0.00000000000 0.00000000000 0.00000000000 0.00000000000 0.00000000000 0.00000000000 0.00000000000 0.00000000000 0.00000000000 0.00000000000 0.00000000000 0.00000000000 0.00000000000 0.00000000000 0.00000000000 0.00000000000
# sel50_fsh[2]:
 0.00000000000 0.00000000000 0.00000000000 0.00000000000 0.00000000000 0.00000000000 0.00000000000 0.00000000000 0.00000000000 0.00000000000 0.00000000000 0.00000000000 0.00000000000 0.00000000000 0.00000000000 0.00000000000 0.00000000000 0.00000000000 0.00000000000 0.00000000000 0.00000000000 0.00000000000 0.00000000000 0.00000000000 0.00000000000 0.00000000000 0.00000000000 0.00000000000 0.00000000000 0.00000000000 0.00000000000 0.00000000000 0.00000000000 0.00000000000 0.00000000000 0.00000000000 0.00000000000 0.00000000000 0.00000000000 0.00000000000 0.00000000000 0.00000000000 0.00000000000 0.00000000000
# sel50_fsh[3]:
 0.00000000000 0.00000000000 0.00000000000 0.00000000000 0.00000000000 0.00000000000
# sel50_fsh[4]:
 0.00000000000 0.00000000000 0.00000000000 0.00000000000 0.00000000000 0.00000000000 0.00000000000 0.00000000000 0.00000000000 0.00000000000 0.00000000000 0.00000000000 0.00000000000 0.00000000000 0.00000000000 0.00000000000 0.00000000000 0.00000000000 0.00000000000 0.00000000000 0.00000000000 0.00000000000 0.00000000000 0.00000000000 0.00000000000 0.00000000000 0.00000000000 0.00000000000 0.00000000000 0.00000000000 0.00000000000 0.00000000000 0.00000000000 0.00000000000 0.00000000000 0.00000000000 0.00000000000 0.00000000000
# logsel_p1_fsh[1]:
 0.00000000000 0.00000000000 0.00000000000 0.00000000000 0.00000000000 0.00000000000 0.00000000000 0.00000000000 0.00000000000 0.00000000000 0.00000000000 0.00000000000 0.00000000000 0.00000000000 0.00000000000 0.00000000000 0.00000000000 0.00000000000 0.00000000000 0.00000000000 0.00000000000 0.00000000000 0.00000000000 0.00000000000 0.00000000000 0.00000000000 0.00000000000 0.00000000000 0.00000000000 0.00000000000 0.00000000000 0.00000000000 0.00000000000 0.00000000000 0.00000000000 0.00000000000 0.00000000000 0.00000000000 0.00000000000 0.00000000000 0.00000000000 0.00000000000 0.00000000000 0.00000000000
# logsel_p1_fsh[2]:
 0.00000000000 0.00000000000 0.00000000000 0.00000000000 0.00000000000 0.00000000000 0.00000000000 0.00000000000 0.00000000000 0.00000000000 0.00000000000 0.00000000000 0.00000000000 0.00000000000 0.00000000000 0.00000000000 0.00000000000 0.00000000000 0.00000000000 0.00000000000 0.00000000000 0.00000000000 0.00000000000 0.00000000000 0.00000000000 0.00000000000 0.00000000000 0.00000000000 0.00000000000 0.00000000000 0.00000000000 0.00000000000 0.00000000000 0.00000000000 0.00000000000 0.00000000000 0.00000000000 0.00000000000 0.00000000000 0.00000000000 0.00000000000 0.00000000000 0.00000000000 0.00000000000
# logsel_p1_fsh[3]:
 0.00000000000 0.00000000000 0.00000000000 0.00000000000 0.00000000000 0.00000000000
# logsel_p1_fsh[4]:
 0.00000000000 0.00000000000 0.00000000000 0.00000000000 0.00000000000 0.00000000000 0.00000000000 0.00000000000 0.00000000000 0.00000000000 0.00000000000 0.00000000000 0.00000000000 0.00000000000 0.00000000000 0.00000000000 0.00000000000 0.00000000000 0.00000000000 0.00000000000 0.00000000000 0.00000000000 0.00000000000 0.00000000000 0.00000000000 0.00000000000 0.00000000000 0.00000000000 0.00000000000 0.00000000000 0.00000000000 0.00000000000 0.00000000000 0.00000000000 0.00000000000 0.00000000000 0.00000000000 0.00000000000
# logsel_p2_fsh[1]:
 0.00000000000 0.00000000000 0.00000000000 0.00000000000 0.00000000000 0.00000000000 0.00000000000 0.00000000000 0.00000000000 0.00000000000 0.00000000000 0.00000000000 0.00000000000 0.00000000000 0.00000000000 0.00000000000 0.00000000000 0.00000000000 0.00000000000 0.00000000000 0.00000000000 0.00000000000 0.00000000000 0.00000000000 0.00000000000 0.00000000000 0.00000000000 0.00000000000 0.00000000000 0.00000000000 0.00000000000 0.00000000000 0.00000000000 0.00000000000 0.00000000000 0.00000000000 0.00000000000 0.00000000000 0.00000000000 0.00000000000 0.00000000000 0.00000000000 0.00000000000 0.00000000000
# logsel_p2_fsh[2]:
 0.00000000000 0.00000000000 0.00000000000 0.00000000000 0.00000000000 0.00000000000 0.00000000000 0.00000000000 0.00000000000 0.00000000000 0.00000000000 0.00000000000 0.00000000000 0.00000000000 0.00000000000 0.00000000000 0.00000000000 0.00000000000 0.00000000000 0.00000000000 0.00000000000 0.00000000000 0.00000000000 0.00000000000 0.00000000000 0.00000000000 0.00000000000 0.00000000000 0.00000000000 0.00000000000 0.00000000000 0.00000000000 0.00000000000 0.00000000000 0.00000000000 0.00000000000 0.00000000000 0.00000000000 0.00000000000 0.00000000000 0.00000000000 0.00000000000 0.00000000000 0.00000000000
# logsel_p2_fsh[3]:
 0.00000000000 0.00000000000 0.00000000000 0.00000000000 0.00000000000 0.00000000000
# logsel_p2_fsh[4]:
 0.00000000000 0.00000000000 0.00000000000 0.00000000000 0.00000000000 0.00000000000 0.00000000000 0.00000000000 0.00000000000 0.00000000000 0.00000000000 0.00000000000 0.00000000000 0.00000000000 0.00000000000 0.00000000000 0.00000000000 0.00000000000 0.00000000000 0.00000000000 0.00000000000 0.00000000000 0.00000000000 0.00000000000 0.00000000000 0.00000000000 0.00000000000 0.00000000000 0.00000000000 0.00000000000 0.00000000000 0.00000000000 0.00000000000 0.00000000000 0.00000000000 0.00000000000 0.00000000000 0.00000000000
# logsel_p3_fsh[1]:
 0.00000000000 0.00000000000 0.00000000000 0.00000000000 0.00000000000 0.00000000000 0.00000000000 0.00000000000 0.00000000000 0.00000000000 0.00000000000 0.00000000000 0.00000000000 0.00000000000 0.00000000000 0.00000000000 0.00000000000 0.00000000000 0.00000000000 0.00000000000 0.00000000000 0.00000000000 0.00000000000 0.00000000000 0.00000000000 0.00000000000 0.00000000000 0.00000000000 0.00000000000 0.00000000000 0.00000000000 0.00000000000 0.00000000000 0.00000000000 0.00000000000 0.00000000000 0.00000000000 0.00000000000 0.00000000000 0.00000000000 0.00000000000 0.00000000000 0.00000000000 0.00000000000
# logsel_p3_fsh[2]:
 0.00000000000 0.00000000000 0.00000000000 0.00000000000 0.00000000000 0.00000000000 0.00000000000 0.00000000000 0.00000000000 0.00000000000 0.00000000000 0.00000000000 0.00000000000 0.00000000000 0.00000000000 0.00000000000 0.00000000000 0.00000000000 0.00000000000 0.00000000000 0.00000000000 0.00000000000 0.00000000000 0.00000000000 0.00000000000 0.00000000000 0.00000000000 0.00000000000 0.00000000000 0.00000000000 0.00000000000 0.00000000000 0.00000000000 0.00000000000 0.00000000000 0.00000000000 0.00000000000 0.00000000000 0.00000000000 0.00000000000 0.00000000000 0.00000000000 0.00000000000 0.00000000000
# logsel_p3_fsh[3]:
 0.00000000000 0.00000000000 0.00000000000 0.00000000000 0.00000000000 0.00000000000
# logsel_p3_fsh[4]:
 0.00000000000 0.00000000000 0.00000000000 0.00000000000 0.00000000000 0.00000000000 0.00000000000 0.00000000000 0.00000000000 0.00000000000 0.00000000000 0.00000000000 0.00000000000 0.00000000000 0.00000000000 0.00000000000 0.00000000000 0.00000000000 0.00000000000 0.00000000000 0.00000000000 0.00000000000 0.00000000000 0.00000000000 0.00000000000 0.00000000000 0.00000000000 0.00000000000 0.00000000000 0.00000000000 0.00000000000 0.00000000000 0.00000000000 0.00000000000 0.00000000000 0.00000000000 0.00000000000 0.00000000000
# rec_dev_future:
 0.00000000000 0.00000000000 0.00000000000 0.00000000000 0.00000000000
# log_q_ind[1]:
1.13217036430
# log_q_ind[2]:
-1.43414035544
# log_q_ind[3]:
-2.51220003122
# log_q_ind[4]:
-10.1795246519
# log_q_ind[5]:
-10.0190244044
# log_q_ind[6]:
-1.10868545500
# log_q_power_ind[1]:
0.00000000000
# log_q_power_ind[2]:
0.00000000000
# log_q_power_ind[3]:
0.00000000000
# log_q_power_ind[4]:
0.00000000000
# log_q_power_ind[5]:
0.00000000000
# log_q_power_ind[6]:
0.00000000000
# log_rw_q_ind[1]:
 -1.07486591608
# log_rw_q_ind[6]:
 -0.0990471597330
# log_selcoffs_ind[1]:
 -2.65124865803 -1.82335731484 -1.19555831001 -0.721979357401 -0.358131230205 -0.0329028140187 0.267401484916 0.527974201606 0.716784675225 0.816743722703
 -3.33183163240 -2.53438337449 -1.77155874389 -1.08940106278 -0.515838223549 -0.0353582193068 0.331902552252 0.605576326795 0.786576231922 0.873143648713
# log_selcoffs_ind[2]:
 -0.743954396167 -0.560999195334 -0.708522777960 -0.918910141578 -0.961738151679 -0.738196863991 -0.299307916785 0.256577947919 0.784759929633 1.09087971205
 0.0331920903043 -0.368461796046 -0.592040816467 -0.668226428446 -0.613879434944 -0.413094545579 -0.0933920606250 0.261011807795 0.558324703583 0.717337722786
 0.470117406241 0.116737079652 -0.0591041146429 -0.116050159626 -0.181155359818 -0.233162900891 -0.223600456997 -0.143259689350 -0.00105462207120 0.141078565782
# log_selcoffs_ind[3]:
 -0.202940821038 0.0202027052767 0.0202027052767 0.0202027052767 0.0202027052767 0.0202027052767 0.0202027052767 0.0202027052767 0.0202027052767 0.0202027052767
# log_selcoffs_ind[4]:
 -3.04452005677 -0.669616569639 0.101782682789 0.174353368097 0.174353368097 0.174353368097 0.174353368097 0.174353368097 0.174353368097 0.174353368097
# log_selcoffs_ind[5]:
 -3.04452005677 -0.669616569639 0.101782682789 0.174353368097 0.174353368097 0.174353368097 0.174353368097 0.174353368097 0.174353368097 0.174353368097
# log_selcoffs_ind[6]:
 -3.04452005677 -0.669616569639 0.101782682789 0.174353368097 0.174353368097 0.174353368097 0.174353368097 0.174353368097 0.174353368097 0.174353368097
# logsel_slope_ind[1]:
 0.00000000000 0.00000000000
# logsel_slope_ind[2]:
 0.00000000000 0.00000000000 0.00000000000
# logsel_slope_ind[3]:
 0.00000000000
# logsel_slope_ind[4]:
 0.00000000000
# logsel_slope_ind[5]:
 0.00000000000
# logsel_slope_ind[6]:
 0.00000000000
# sel50_ind[1]:
 0.00000000000 0.00000000000
# sel50_ind[2]:
 0.00000000000 0.00000000000 0.00000000000
# sel50_ind[3]:
 0.00000000000
# sel50_ind[4]:
 0.00000000000
# sel50_ind[5]:
 0.00000000000
# sel50_ind[6]:
 0.00000000000
# logsel_p1_ind[1]:
 0.00000000000 0.00000000000
# logsel_p1_ind[2]:
 0.00000000000 0.00000000000 0.00000000000
# logsel_p1_ind[3]:
 0.00000000000
# logsel_p1_ind[4]:
 0.00000000000
# logsel_p1_ind[5]:
 0.00000000000
# logsel_p1_ind[6]:
 0.00000000000
# sel_p2_ind[1]:
 0.00000000000 0.00000000000
# sel_p2_ind[2]:
 0.00000000000 0.00000000000 0.00000000000
# sel_p2_ind[3]:
 0.00000000000
# sel_p2_ind[4]:
 0.00000000000
# sel_p2_ind[5]:
 0.00000000000
# sel_p2_ind[6]:
 0.00000000000
# logsel_p3_ind[1]:
 0.00000000000 0.00000000000
# logsel_p3_ind[2]:
 0.00000000000 0.00000000000 0.00000000000
# logsel_p3_ind[3]:
 0.00000000000
# logsel_p3_ind[4]:
 0.00000000000
# logsel_p3_ind[5]:
 0.00000000000
# logsel_p3_ind[6]:
 0.00000000000
