# Number of parameters = 1659 Objective function value = 1223.37889376010  Maximum gradient component = 0.000329275506699844
# Mest[1]:
0.280000000000
# Mest[2]:
0.330000000000
# log_Linf[1]:
4.29810139974
# log_Linf[2]:
4.29810139974
# log_k[1]:
-1.83258146375
# log_k[2]:
-1.83258146375
# log_Lo[1]:
2.60712428251
# log_Lo[2]:
2.60712428251
# log_sdage[1]:
-2.40794560865
# log_sdage[2]:
-2.40794560865
# mean_log_rec[1]:
9.22808980437
# mean_log_rec[2]:
8.07786982470
# steepness[1]:
0.650000000000
# steepness[2]:
0.650000000000
# log_Rzero[1]:
9.31594406754
# log_Rzero[2]:
8.08554696387
# rec_dev:
 -0.0328952785773 -0.0430048603230 -0.0559233883051 -0.0723680602425 -0.0932033537770 -0.119361651826 -0.151041849170 -0.187896068329 -0.231808185109 -0.283849090527 -0.341138984693 -0.391629401534 -0.449158174640 -0.516541517012 -0.626312130727 -0.632511384936 -0.376684806028 -0.190235365980 0.0615203305203 0.276373356212 0.302075339883 0.317056023310 0.412137777717 0.509042165458 1.04278798407 0.858162115328 0.890621264223 1.71418204224 1.59019448505 0.765573831588 0.195554197543 0.478780643190 0.686157041650 0.764142622162 0.253726421103 0.281820227190 0.0565133786014 0.219625879498 0.313424543791 0.342272636775 0.452050015767 0.578590147697 0.613211479018 0.560445636971 0.179030661688 -0.274627334073 -0.137372928945 -0.586858315185 -1.41767795875 -0.573774399095 -0.781660099408 -1.14342107680 -1.20171158186 -1.23526915367 -1.11251313802 -0.684659586557 -0.714887637911 -0.509899852802 -0.287876008421 0.0268768015403 -0.119405902321 -0.296075822267 0.115738109214 -0.252119422454 -0.596432985901 -0.204609613844 0.316421802861 -0.650280838391
 0.00510550572329 0.00726552307260 0.0101997790187 0.0141873696200 0.0197801740972 0.0268782573760 0.0390446040852 0.0630595459066 0.113778724882 0.201034386433 0.108869792359 -0.183832809569 0.0382727638736 0.330858013431 -0.0228816646295 -0.381446767888 0.243471589858 0.510021390014 0.123485579910 0.255897083870 0.118316537265 0.111871711291 0.0588458302800 0.124012911177 -0.246203260988 -1.02070344964 -0.456366176453 0.0816761264167 1.04203092479 0.0902641204580 -0.0188048761832 -0.585498927590 -0.791374048604 -0.126504940276 -0.121307490287 -0.266828420746 0.546726473584 -0.618338280192 -0.0395520142124 -0.0187997850183 0.504214889453 0.873992708335 -0.466191844046 0.467496229838 -1.77246404307 -0.0374025700353 0.772827546327 0.00363909094270 -1.15154368181 -1.07923141791 0.983336245035 -0.326968279103 -0.893420979051 -0.0654337530695 -0.367152204912 -0.301695324054 -0.406211364364 0.0154639709801 0.680244369548 0.507130228246 0.314844903996 0.430820751927 0.379718285828 -0.369660507436 -0.362260242385 -0.0604371744818 -2.71244978922e-05 -0.00524154887414
# log_sigmar[1]:
-0.510825623766
# log_sigmar[2]:
-0.510825623766
# fmort:
 -4.75322300307 -4.35343988956 -5.09917616039 -4.79243265506 -4.04476438294 -3.73618273738 -3.42906783174 -3.48022609165 -2.86189103886 -3.01301090870 -3.31389302428 -2.93100505034 -2.20510988969 -3.14350797640 -2.30597843815 -2.87765225482 -5.27596319565 -3.98251255790 -4.33373602354 -4.38957533600 -4.39331992504 -4.02405665759 -3.92188891413 -3.71392756387 -4.13589457369 -3.82424115325 -3.31872826223 -4.33350723367 -5.51330099738 -4.87251169217 -4.44225109995 -3.83005211445 -4.72641851607 -4.32401767029 -4.21485373954 -3.71002513608 -3.59718135210 -3.12714036433 -2.59021192625 -2.80100019533 -2.17387011681 -3.75146381494 -4.72267881758 -4.16941834568 -4.04139390509 -3.64146431442 -3.88603337596 -3.35686735227 -4.43021282762 -4.64973937992 -3.40992498580 -3.33581304020 -3.40570431939 -3.50382468271 -3.11917897791 -2.59632268561 -3.06103662676
 -7.14634554180 -6.71780447155 -6.25669434218 -5.67089539057 -5.89441492562 -5.19368752748 -4.69101657105 -4.39940306115 -3.97457936432 -3.78163348214 -3.65925621175 -2.91089679320 -2.66825564716 -2.93588619992 -2.60928236737 -2.28446631308 -2.17983438576 -1.93159519117 -1.89053536945 -1.80670924954 -1.78468889317 -1.38018040419 -0.932573080477 -0.803304496496 -0.384353926563 0.199815763761 0.488048756674 0.715386971836 0.284825109319 -0.0664316019994 -0.358515677981 -0.155616185656 -0.0892029325135 -0.275404158031 -0.385461519703 -0.289264350215 -0.364938697164 -0.290795003774 -0.679897713991 -0.623475895599 -1.19058485863 -1.24927223828 -1.24657112517 -1.29401466918 -1.24003600756 -1.13053979341 -1.08173836924 -1.02346204502 -0.881943365350 -1.01905107205 -0.864346244657 -0.718010668488 -0.627665834744 -0.535449460166 -0.0743499521821 -0.137033748616 -0.595561237651
 -7.43005233353 -6.73705003283 -5.68518285903 -4.91622829091 -3.94900875261 -5.03334623543 -4.51828660645 -2.15706150824 -2.55381108455 -2.60733439885 -2.31384378211 -2.05773610922 -3.29783147558 -3.59302125358 -3.19347378052 -3.48517103494 -3.84528945304 -4.11299287299 -2.96569185957 -3.49001288535 -2.75377060010 -2.93672552694 -3.23882906659 -2.86288031407 -2.63655418421 -1.35458871485 -1.09871846702 -0.771138092941 0.0749123297823 -1.77252023740 -2.10612345883 -1.37932974026 -3.20229015500 -2.84284883729 -3.13778121813 -3.46784393886 -2.79384114049 -3.21400118810 -3.24580564864 -3.44175147181 -5.12518037768 -3.20497114022 -3.33531373576 -3.80313301264 -4.03007439499 -5.13810721048 -5.51647315487 -6.09671251082 -4.54876083327 -4.03652656770 -4.09536960161 -4.37175337551 -4.07714285383 -3.64815604974 -3.61911101738 -3.46550337455 -3.78444084600
 -9.61636044714 -9.57783268936 -7.83088116824 -9.49193221165 -9.44062620235 -9.38013392171 -9.27122113868 -8.41859722439 -5.22307032301 -3.14232160084 -3.13645832606 -2.80994988494 -2.16794060261 -1.86476254658 -1.63274036395 -1.91072540627 -2.07357155975 -2.30798588736 -2.52890644219 -2.69406323169 -2.83129893990 -3.33514721829 -5.87451976924 -9.34374655900 -9.13080011964 -8.79279568056 -8.40346131100 -8.05139137765 -7.91954488139 -8.01889008389 -7.49362098955 -5.60453032785 -4.48068419949 -3.88375964190 -3.21462388435 -3.31965236166 -2.78994448859 -2.30877178543 -2.10451165966 -1.87617528718 -1.89675321289 -3.02448581841 -3.39691391375 -3.42343572534 -3.05494593725 -2.90774592299 -3.39291130803 -3.44830183775 -3.45097802279 -3.61757625132 -6.08943745091 -3.91394711185 -3.78620556478 -3.47123740548 -4.41990472736 -4.09124466372 -3.65777792766
# log_selcoffs_fsh[1]:
 -3.49473621885 -1.84661466899 -0.860600584246 0.0702024825246 0.863508898485 0.953564893891 0.292249621478 -0.464342362980 -0.962746492264
 -3.09286135562 -1.43527921549 -0.729188921854 0.0187580232769 0.753790536018 0.895090074092 0.367543402131 -0.308502802551 -0.767828451329
 -2.78286139848 -1.34119981131 -0.526442471396 0.235724336697 0.733474087888 0.728271442516 0.301767391571 -0.244430185181 -0.633213687995
 -2.39219373748 -1.13130281076 -0.521618230049 0.0794760169843 0.769012245170 0.731673161019 0.266141651969 -0.231702545347 -0.552710089772
 -1.75450068156 -0.254158587994 0.0148947358369 0.218045967926 0.426745328859 0.442856907669 0.183154296332 -0.165685284286 -0.423024345119
 -1.64917422813 -0.461193054199 0.466649003485 0.646112652656 0.274849378097 0.0823898609171 -0.0940089017881 -0.305156578054 -0.469978432587
 -1.38438574551 -0.330824828089 0.543450110484 0.727934583931 0.271720709548 -0.0773811792843 -0.282384019294 -0.425625294614 -0.521966843227
 -1.00663157706 -0.166669740660 0.590983634333 0.773508687280 0.182852311560 -0.205406175487 -0.425488179080 -0.533915679390 -0.579385050854
 -0.744456704571 0.254573202008 0.485894484742 0.589064855941 0.275624804598 -0.216147167288 -0.502370003480 -0.608297734225 -0.625816749705
 -0.519651788033 0.391523619514 0.572760383341 0.565192675409 0.128880209367 -0.340310460468 -0.614654700418 -0.692733516390 -0.687244285405
 -0.0174937768692 0.920604791463 0.447240412456 0.153029127809 -0.235008293798 -0.552174709598 -0.734319855188 -0.777145446696 -0.752101179863
 0.184012550430 0.861582693546 0.609108139412 0.117640197708 -0.424005911015 -0.700494980217 -0.823945435769 -0.842459682096 -0.804462522577
 -0.0571190529034 1.12737853533 0.637901731594 -0.0956393585335 -0.634086044911 -0.860122561380 -0.927715812938 -0.915983909594 -0.873326990443
 0.171142425969 1.15197929700 0.580385614141 -0.177388325654 -0.741595355876 -0.947307600740 -0.988690323350 -0.955248833393 -0.906857360722
 0.177818589940 1.19152929027 0.564379253288 -0.219003866700 -0.781575558972 -0.991176373144 -1.02940794903 -0.987192656494 -0.934095923240
 -0.236816436807 1.26103789534 0.667993152669 -0.176025868063 -0.800748167265 -1.02584193900 -1.06758915391 -1.02136574897 -0.963804233814
 -0.144931457374 1.29530753668 0.598438310340 -0.215355433738 -0.822131048664 -1.04794424174 -1.08954331891 -1.03905570063 -0.975619900684
 0.391113962246 1.09366653098 0.636827575681 -0.227523019415 -0.841014186171 -1.05973293184 -1.09545187456 -1.03522113704 -0.962758821068
 0.703611875269 1.08388228441 0.407740594262 -0.330332581581 -0.889097188951 -1.09694553694 -1.12371197720 -1.04935820827 -0.966070702452
 0.424264682574 1.17945667070 0.555205218154 -0.323320874057 -0.938029191999 -1.14585181066 -1.15601439654 -1.05957600370 -0.961823981644
 0.502796783803 1.26394771378 0.394747299181 -0.452357918164 -1.02284329764 -1.20855544275 -1.19516166313 -1.07224777761 -0.956939475088
 0.505648415675 1.24838160615 0.493262342731 -0.528664817468 -1.12209676777 -1.27873615475 -1.22856210819 -1.07379419831 -0.937025393219
 0.702082295030 1.20128186537 0.382655612695 -0.557280577536 -1.16204061915 -1.31993997524 -1.24781283282 -1.06226153002 -0.901567712417
 0.414622707324 1.36112013274 0.345102829266 -0.606607944258 -1.18265305064 -1.33711426786 -1.25414394657 -1.04526247849 -0.861988095350
 0.578157212821 1.26807539411 0.325930601081 -0.572576656156 -1.14454951419 -1.30951321268 -1.22060146173 -0.987850979890 -0.780652778258
 0.644352674917 1.13385326909 0.384585404076 -0.424367098097 -1.08014619454 -1.26121108903 -1.14938389004 -0.891243132189 -0.664334910886
 0.235023541852 1.19039693161 0.476297979887 -0.301056735386 -0.983150314995 -1.16497381721 -1.03861765551 -0.762403892803 -0.527652719910
 0.224511008901 1.15642627287 0.392265903974 -0.389303981759 -0.911462546236 -1.03761989955 -0.881816453358 -0.600367425997 -0.366720545332
 0.962084393149 0.679100133540 0.0266222585928 -0.567391178922 -0.894015748804 -0.911261135408 -0.703116796492 -0.402060018359 -0.172258196563
 0.540134871110 0.898797405815 -0.000235386730521 -0.672602838702 -0.883197213870 -0.787225330290 -0.519674375046 -0.199092483536 0.0336461492548
 0.283882458360 0.856568903971 -0.161441719693 -0.715704154246 -0.808293695373 -0.645960238929 -0.330381435463 0.00931335270639 0.246164363444
 0.163893751677 0.456203675761 -0.253761406785 -0.650774949421 -0.664671128163 -0.456791745988 -0.113857493971 0.243784414058 0.488648436408
 -0.713921996380 0.127775522095 -0.240584556155 -0.483531605309 -0.426851983676 -0.253877248322 0.0822692909485 0.418659147501 0.661240927094
 -1.17109967001 -0.570468913688 -0.608524173938 -0.440385957121 -0.209919515967 -0.0692148825188 0.302140823948 0.540803339355 0.752763993727
 -0.767108027497 -0.359640786804 -0.902252776250 -0.897543240293 -0.558679576889 -0.181918685915 0.250047477440 0.629458312819 0.899421789340
 -0.240282163637 -1.21372706671 -1.37985006730 -1.09199763352 -0.656116054549 -0.200149034252 0.273411031881 0.696105852730 0.982642519220
 -1.54614440557 -1.60815204537 -1.49068847857 -0.989527998764 -0.492371577452 -0.102034003156 0.375972282402 0.780719937673 1.04242311366
 -2.40020764515 -1.85885285981 -1.54100675126 -0.994452993701 -0.471522872612 -0.0311792803332 0.367801483059 0.785366347722 1.07781072635
 -2.70790195390 -2.56233363533 -2.15423732979 -1.39610333789 -0.546666298729 0.0822919648841 0.536669635794 0.850910443086 1.02098190361
 -3.20593540588 -2.99074980677 -2.45574381232 -1.57867014224 -0.647062204122 0.128857116614 0.609635767731 0.862658774777 1.01045776999
 -3.35885438999 -3.06809628569 -2.44658540132 -1.63034081648 -0.788654212004 -0.0669483407923 0.502998111554 0.918078942127 1.12765891973
 -3.76373849398 -3.11003088417 -2.30688968125 -1.58507348774 -0.858238324524 -0.185431273221 0.388777850819 0.918936558952 1.22119740199
 -3.98957848017 -3.18146260384 -2.33187899061 -1.62820983880 -0.950567641169 -0.269147696634 0.362092720092 0.926499456680 1.26244090467
 -4.00316230606 -3.19867599540 -2.38996239152 -1.64740670409 -0.950508653175 -0.289443604576 0.373915491138 0.940373318168 1.25480899517
# log_selcoffs_fsh[2]:
 -2.06066661832 -0.116306971822 0.623152390265 0.882677018196 0.584716769056 0.0139600191712 -0.432777378844 -0.734222918542 -0.910260968846 -1.01963535248
 -2.04237095123 -0.151581268116 -0.118130966400 0.425017585442 0.805747771491 0.582925803799 0.00872435619218 -0.476686603618 -0.718396376619 -0.807526238295
 -2.51887912811 -0.746259916371 -0.261956341989 0.291337531677 0.785829872264 0.733807170659 0.197585230114 -0.309550135812 -0.555140314867 -0.627164570621
 -2.83943385157 -1.28951938254 -0.429955063270 0.109335746909 0.721650350948 0.827887944031 0.298853500114 -0.154924495595 -0.366375408268 -0.422018693562
 -2.36700634605 -0.865739008238 -0.812221192195 -0.339688814357 0.424392517958 0.788252301806 0.467387347524 0.128545858929 -0.0428900665579 -0.0938542083996
 -1.87243425866 -0.759028991110 -0.578031999962 -0.510480703353 -0.0281309110409 0.390663830888 0.486958314330 0.400294452427 0.305208773930 0.254772538256
 -2.53180250311 -1.22807313211 -0.369549190119 -0.253851098886 -0.168065362790 0.117177731835 0.377043171476 0.485540899493 0.463451805819 0.417778857071
 -3.13346048236 -2.07979477108 -1.24991978476 -0.535839001417 0.0100261784191 0.344921993689 0.542417002219 0.522594403106 0.478023556948 0.417640698977
 -3.46615674879 -2.41542163491 -1.76350402683 -1.07108910878 -0.289041937766 0.232449318658 0.588480702166 0.725145294503 0.636728908623 0.468827664319
 -3.62174182822 -2.39138860859 -1.68731979371 -1.20698296604 -0.766838810325 -0.169561538222 0.377350982752 0.862849260754 0.897435110125 0.591951449041
 -3.57089725455 -2.04637302817 -1.32386596315 -0.909987720464 -0.581803985374 -0.339901434382 0.135032049704 0.705960953941 0.928876849965 0.789035970080
 -3.61788609891 -2.10014980799 -1.28194627065 -0.873304696167 -0.541890706751 -0.233360968729 0.276990083743 0.637022005993 0.808080320489 0.845245696466
 -3.42774962110 -1.60195171327 -1.00545181062 -0.675909417944 -0.450915146288 -0.369537000670 0.0366511374774 0.440122624014 0.792133458162 1.01705303408
 -3.18206029115 -1.38948966850 -0.810468901092 -0.634195409719 -0.555782484691 -0.434463429105 -0.117793190593 0.313560605315 0.787905667200 1.11746532793
 -2.95320249726 -0.963164266025 -0.670598137970 -0.747662272167 -0.828398763850 -0.660345299172 -0.244711830307 0.259093732255 0.814908695087 1.19094648271
 -2.69730870546 -0.691462534673 -0.750598386599 -0.879409672267 -0.977238377148 -0.791418411612 -0.337086457651 0.215278593832 0.816680628158 1.25221361690
 -2.34315664541 -0.800666270653 -0.817764733410 -0.930427818825 -1.06299090042 -0.947907330736 -0.512997670216 0.115375463132 0.826311146268 1.35591350783
 -2.66572525388 -0.860335316795 -0.674424854819 -0.839095737244 -1.04769565850 -0.966320440171 -0.565645587361 0.0574583311985 0.788840985596 1.38796203862
 -2.98195848890 -1.15284482994 -0.739995355789 -0.829231770786 -1.01484080254 -0.920525000556 -0.517902348402 0.0841288241104 0.788810735528 1.40486664413
 -3.11420504219 -1.48726505170 -1.07768682498 -0.889476630207 -0.967958446316 -0.881196313604 -0.479919812424 0.133247450597 0.833614854031 1.41614667292
 -3.15404205742 -1.52602423556 -0.993073894968 -0.758526584457 -0.874369493915 -0.877947300265 -0.523803109564 0.0986851763943 0.824253827861 1.40908482629
 -3.27138801525 -1.57228887337 -0.918905147991 -0.585051214050 -0.688448186949 -0.735287357441 -0.459523840121 0.0609850119828 0.762435369667 1.38097111163
 -3.42972917138 -2.05120428197 -1.16538628314 -0.597563012609 -0.544245631599 -0.608625876991 -0.398605252532 0.0362178521593 0.694870075135 1.42096335332
 -3.48219045932 -2.27152797213 -1.41421448712 -0.746783836214 -0.336050767414 -0.305894532099 -0.0869946115223 0.242447782404 0.715960398422 1.24151487048
 -3.43811154439 -1.97566124407 -1.28526736381 -0.939922135102 -0.493577825243 -0.154317982338 0.112992086061 0.440423621904 0.726474700349 1.08308095994
 -3.46635368450 -2.13137234245 -1.28946020048 -0.515524275316 -0.147601288392 0.0307953131524 0.253345946474 0.544327710665 0.704689024692 0.717080097361
 -3.48900404556 -1.68570242873 -0.948008812117 -0.0499045135997 0.284908228273 0.321993709927 0.374052010604 0.488275198859 0.383961027957 0.169406999523
 -3.60538543527 -1.08601937569 -0.466877516724 0.00559157918885 0.422406857690 0.438275406224 0.549835825228 0.356792241186 -0.00248898541564 -0.264201019587
 -3.83406130026 -2.08059788258 -1.07816266687 -0.0349942395061 0.384379447761 0.481096393085 0.663568353278 0.329335164718 0.104820113314 0.0187028423232
 -4.04267622076 -2.27626537238 -0.973771328496 -0.168447977442 0.446827132965 0.469243854366 0.387727646692 0.270220847055 0.279296353812 0.328541865537
 -3.91574680325 -1.86445324169 -0.678784039608 -0.0707481327761 0.0537633236281 0.0480476770812 0.185044629975 0.325501321793 0.522387529158 0.696971298316
 -3.83975745066 -1.99094123386 -1.02408281898 -0.499085360319 -0.133964723104 -0.0119842877180 0.0593355165443 0.361257783307 0.678136573917 0.934738441109
 -3.32251064448 -1.34364034773 -1.17255680796 -0.870659764308 -0.433342703206 -0.173762982475 0.00911355393875 0.350030049901 0.767955470376 1.06551703460
 -3.83861647880 -1.75479786830 -1.07725730622 -0.649353330737 -0.354981653825 -0.134334330559 0.0532321185198 0.377409213773 0.734750436309 1.01848688368
 -4.12273760420 -2.12585225455 -1.43126440836 -0.934320263577 -0.391120159970 -0.0715425539749 0.186673613377 0.481078007756 0.783212058045 0.960809657633
 -4.54045079363 -2.50056402144 -1.48158372352 -0.961360822325 -0.492217326851 -0.189796239018 0.144184034460 0.504498775512 0.802392822273 1.03571561250
 -4.99920102382 -3.11449423408 -1.87531898949 -1.01997148510 -0.314860348318 0.00467268076595 0.276653845641 0.557141449938 0.758759640317 0.916434473264
 -5.29682536159 -3.52522299731 -2.53564297642 -1.63286308968 -0.727916903825 -0.104086799162 0.286352691426 0.602018152506 0.839496789404 1.04181010408
 -5.57537972891 -3.93864994542 -2.61290930666 -1.83831138028 -0.974981300751 -0.367644179414 0.104548237956 0.512757931026 0.877760238974 1.24966121454
 -5.73842681674 -4.35055802339 -3.01057695857 -1.99063141624 -1.32830554399 -0.676662057706 -0.153539152582 0.349562995980 0.887791202725 1.46300070703
 -5.82119192715 -4.31433348469 -2.94469240844 -1.83188473807 -1.18602311997 -0.802433483985 -0.380365600662 0.104150710381 0.827256549337 1.59672652188
 -5.87153063171 -4.18010809782 -2.75539173728 -1.82708999521 -1.07848671851 -0.838768150325 -0.638135967932 -0.170940689485 0.690366859336 1.72623771558
 -6.17069316088 -4.46443199502 -2.70872224588 -1.44507183684 -0.880120002608 -0.527810246148 -0.474570579707 -0.201725963935 0.638538459214 1.67639302270
 -6.12796773821 -4.46572812466 -2.93205302187 -1.68436028527 -0.831793050917 -0.498640776403 -0.299899348352 0.0177570879549 0.749924923577 1.57468055951
# log_selcoffs_fsh[3]:
 -3.42246721652 -0.774222600618 1.60678260276 0.927142511961 -0.478093199619 -1.61384582252 -2.41596087110 -3.00672021796 -3.36772896858
 -3.29921653372 -0.220393398750 1.77196865361 0.445655500790 -0.949076708920 -1.80660396425 -2.47349235080 -3.03271710910 -3.40625298190
 -3.44123459330 0.769309950882 1.52918581715 0.313969219898 -0.837191068617 -1.58032625599 -2.28727469253 -2.95308997603 -3.38496106522
 -3.19499513544 0.560106073475 1.44040153972 0.534403829341 -0.341800088730 -1.08650158595 -1.98145530069 -2.83499932116 -3.35579945488
 -3.34935340055 -1.41994116065 -0.0635456136783 1.10932571501 1.22146025648 0.0432922487697 -1.53829127065 -2.72251692435 -3.33589002934
# log_selcoffs_fsh[4]:
 -2.05489701222 -1.68023248650 -1.28235086916 -0.844283592676 -0.375055958125 0.0870178634331 0.480773873577 0.757213412372 0.896290183575
 -2.04489639218 -1.67571000142 -1.28208343996 -0.846055131071 -0.376669555675 0.0860260344960 0.481179898619 0.757816069383 0.895800955774
 -2.02491912118 -1.66766717880 -1.28461624525 -0.850105146064 -0.377712673334 0.0881431976775 0.484702114356 0.757837837695 0.892104985216
 -1.99260621662 -1.64709615690 -1.28467448519 -0.867823019201 -0.386234005344 0.0936107619170 0.492277756002 0.759456957360 0.885233005215
 -1.93976426123 -1.60644882598 -1.26449896010 -0.871473333346 -0.410895062563 0.0835286973120 0.500208691501 0.764434724655 0.878767242940
 -1.87137447862 -1.52968759067 -1.22537876612 -0.871861392853 -0.414507261523 0.0758188587139 0.498548626024 0.763643882004 0.869543132235
 -1.79403692990 -1.45711531683 -1.12260166106 -0.818245532044 -0.414030326153 0.0693095586215 0.489635746113 0.751480776819 0.854228196035
 -1.70098474847 -1.38435967139 -1.05350007620 -0.709626756744 -0.353348626938 0.0709118986703 0.465909870234 0.724176480305 0.830364746696
 -1.57084568351 -1.27328977630 -0.981274300980 -0.655151948626 -0.286089503402 0.0934055443355 0.445975755585 0.687314350398 0.796849696715
 -1.41709594002 -1.12022945426 -0.827769475882 -0.575628831515 -0.269394566799 0.0876251742375 0.412630041770 0.649887764772 0.765687030470
 -1.26627589521 -0.967772659194 -0.671543399810 -0.410700604198 -0.215839081507 0.0439740817256 0.351055219285 0.597349863040 0.730156350534
 -1.12413333953 -0.847876265149 -0.559663426746 -0.287498036208 -0.0864028945729 0.0497501630131 0.272358931371 0.519642509009 0.674211773092
 -0.988398810419 -0.736964890948 -0.489548425097 -0.241338804258 -0.0309186637290 0.113629802444 0.251944290217 0.444368968739 0.596010147402
 -0.849917582006 -0.624696058278 -0.404757150660 -0.198720446700 -0.0249560232178 0.113566137682 0.249516306662 0.401603552150 0.516985995078
 -0.712126942394 -0.513149838596 -0.322949483978 -0.153187396632 -0.0113112301261 0.108496310249 0.227137494563 0.349698266226 0.439427694265
 -0.576164952880 -0.403449587620 -0.242391895169 -0.108373793176 0.00258488000215 0.0969102720025 0.192181448289 0.289879328053 0.361437743060
 -0.437381749965 -0.294984485958 -0.162688574839 -0.0657423769435 0.0107603160815 0.0753800039809 0.146236644991 0.223625455809 0.282407742353
 -0.295733014796 -0.177752084664 -0.0990467183811 -0.0432516047841 0.0118167749758 0.0498662917310 0.0958146253173 0.152207728463 0.204994903312
 -0.165722291197 -0.0722336417034 -0.00507545597751 -0.0584052318734 -0.0294408698394 0.0235407873806 0.0485954796901 0.0921882778863 0.133678064634
 -0.141108552218 -0.0127960722704 0.0539648826096 0.0210100146720 -0.0596982950478 -0.0366418566326 0.0157967776234 0.0529014825978 0.0873895657202
 -0.179351748583 -0.00971691071560 0.0160423590189 0.0717910760171 0.0548690281156 -0.0198812883363 -0.00832746898352 0.0221656263845 0.0319035010797
 -0.383081175337 -0.179838707545 -0.0441293956406 0.0291731499592 0.124305453680 0.105790791726 0.0911324249736 0.0800253950415 0.0711337619662
 -0.594509049337 -0.377893578658 -0.158574417518 0.00107197551534 0.115438549318 0.187101454025 0.198790462084 0.179852271920 0.151302881813
 -0.823874682178 -0.557855113092 -0.312742248018 -0.0738537348841 0.122578733170 0.242930717167 0.283231239061 0.274019405395 0.247289106942
 -1.00676047705 -0.689670806170 -0.383468212874 -0.111124614719 0.131232271377 0.280798563823 0.321560015909 0.316725934499 0.292829011762
 -1.22745139253 -0.879052812110 -0.550849409010 -0.201551174384 0.106050073041 0.309663798519 0.393076390749 0.396360000106 0.375063211038
 -1.44549216960 -1.03497922305 -0.753670959469 -0.337402918701 0.104386125076 0.344849351235 0.446020524500 0.465102705499 0.437488170557
 -1.65064783566 -1.31637468846 -0.940351405375 -0.405609474848 0.0196772778767 0.232907309878 0.419264712673 0.570405664927 0.647597357008
 -1.16986797000 -1.28030185595 -1.03908437443 -0.654778381466 -0.213459051590 0.149837541409 0.429999106639 0.638189148479 0.760135843641
 -1.58691471477 -1.28081124455 -1.11687877332 -0.750374093174 -0.269357593367 0.145158360980 0.453401423426 0.681120773839 0.810175739555
 -1.56265650910 -1.11914770706 -1.05912905121 -0.862817537716 -0.500015089509 -0.0573062801283 0.389751986694 0.745027664792 0.940473464128
 -1.49725079239 -0.784159552712 -0.796024729304 -0.836691894942 -0.631877604090 -0.230707804693 0.248056463886 0.710809306721 1.02702970784
 -1.62270704622 -0.456601448909 0.0444995247660 -0.243582416366 -0.357884235694 -0.266033787064 0.0463218941854 0.472229059340 0.799010942915
 -1.61230050980 -0.189336085479 -0.0188691372644 -0.125014791936 -0.248270150538 -0.256240109546 -0.00827652763312 0.401066025983 0.727545226252
 -1.71322461411 -0.575499315239 -0.000458877928383 0.0952086183315 -0.214398494578 -0.323582233299 -0.0992253833554 0.385131854598 0.811790756863
 -1.73772062035 -0.769966305761 -0.322280153146 -0.237232148080 -0.302205400143 -0.432425257857 -0.209645285134 0.438898294952 1.13067869598
 -1.07154429822 -0.0278221773973 -0.0293514989266 -0.502348303406 -0.747619794855 -0.651136111360 -0.253813598632 0.403547536356 1.04410974715
 -0.905482215553 -0.362314441296 -0.142619901489 -0.345642445362 -0.585390557532 -0.540292162221 -0.141832868146 0.475563218567 0.996427371706
# log_sel_spl_fsh[1]:
 0.00000000000 0.00000000000 0.00000000000 0.00000000000
 0.00000000000 0.00000000000 0.00000000000 0.00000000000
 0.00000000000 0.00000000000 0.00000000000 0.00000000000
 0.00000000000 0.00000000000 0.00000000000 0.00000000000
 0.00000000000 0.00000000000 0.00000000000 0.00000000000
 0.00000000000 0.00000000000 0.00000000000 0.00000000000
 0.00000000000 0.00000000000 0.00000000000 0.00000000000
 0.00000000000 0.00000000000 0.00000000000 0.00000000000
 0.00000000000 0.00000000000 0.00000000000 0.00000000000
 0.00000000000 0.00000000000 0.00000000000 0.00000000000
 0.00000000000 0.00000000000 0.00000000000 0.00000000000
 0.00000000000 0.00000000000 0.00000000000 0.00000000000
 0.00000000000 0.00000000000 0.00000000000 0.00000000000
 0.00000000000 0.00000000000 0.00000000000 0.00000000000
 0.00000000000 0.00000000000 0.00000000000 0.00000000000
 0.00000000000 0.00000000000 0.00000000000 0.00000000000
 0.00000000000 0.00000000000 0.00000000000 0.00000000000
 0.00000000000 0.00000000000 0.00000000000 0.00000000000
 0.00000000000 0.00000000000 0.00000000000 0.00000000000
 0.00000000000 0.00000000000 0.00000000000 0.00000000000
 0.00000000000 0.00000000000 0.00000000000 0.00000000000
 0.00000000000 0.00000000000 0.00000000000 0.00000000000
 0.00000000000 0.00000000000 0.00000000000 0.00000000000
 0.00000000000 0.00000000000 0.00000000000 0.00000000000
 0.00000000000 0.00000000000 0.00000000000 0.00000000000
 0.00000000000 0.00000000000 0.00000000000 0.00000000000
 0.00000000000 0.00000000000 0.00000000000 0.00000000000
 0.00000000000 0.00000000000 0.00000000000 0.00000000000
 0.00000000000 0.00000000000 0.00000000000 0.00000000000
 0.00000000000 0.00000000000 0.00000000000 0.00000000000
 0.00000000000 0.00000000000 0.00000000000 0.00000000000
 0.00000000000 0.00000000000 0.00000000000 0.00000000000
 0.00000000000 0.00000000000 0.00000000000 0.00000000000
 0.00000000000 0.00000000000 0.00000000000 0.00000000000
 0.00000000000 0.00000000000 0.00000000000 0.00000000000
 0.00000000000 0.00000000000 0.00000000000 0.00000000000
 0.00000000000 0.00000000000 0.00000000000 0.00000000000
 0.00000000000 0.00000000000 0.00000000000 0.00000000000
 0.00000000000 0.00000000000 0.00000000000 0.00000000000
 0.00000000000 0.00000000000 0.00000000000 0.00000000000
 0.00000000000 0.00000000000 0.00000000000 0.00000000000
 0.00000000000 0.00000000000 0.00000000000 0.00000000000
 0.00000000000 0.00000000000 0.00000000000 0.00000000000
 0.00000000000 0.00000000000 0.00000000000 0.00000000000
# log_sel_spl_fsh[2]:
 0.00000000000 0.00000000000 0.00000000000 0.00000000000
 0.00000000000 0.00000000000 0.00000000000 0.00000000000
 0.00000000000 0.00000000000 0.00000000000 0.00000000000
 0.00000000000 0.00000000000 0.00000000000 0.00000000000
 0.00000000000 0.00000000000 0.00000000000 0.00000000000
 0.00000000000 0.00000000000 0.00000000000 0.00000000000
 0.00000000000 0.00000000000 0.00000000000 0.00000000000
 0.00000000000 0.00000000000 0.00000000000 0.00000000000
 0.00000000000 0.00000000000 0.00000000000 0.00000000000
 0.00000000000 0.00000000000 0.00000000000 0.00000000000
 0.00000000000 0.00000000000 0.00000000000 0.00000000000
 0.00000000000 0.00000000000 0.00000000000 0.00000000000
 0.00000000000 0.00000000000 0.00000000000 0.00000000000
 0.00000000000 0.00000000000 0.00000000000 0.00000000000
 0.00000000000 0.00000000000 0.00000000000 0.00000000000
 0.00000000000 0.00000000000 0.00000000000 0.00000000000
 0.00000000000 0.00000000000 0.00000000000 0.00000000000
 0.00000000000 0.00000000000 0.00000000000 0.00000000000
 0.00000000000 0.00000000000 0.00000000000 0.00000000000
 0.00000000000 0.00000000000 0.00000000000 0.00000000000
 0.00000000000 0.00000000000 0.00000000000 0.00000000000
 0.00000000000 0.00000000000 0.00000000000 0.00000000000
 0.00000000000 0.00000000000 0.00000000000 0.00000000000
 0.00000000000 0.00000000000 0.00000000000 0.00000000000
 0.00000000000 0.00000000000 0.00000000000 0.00000000000
 0.00000000000 0.00000000000 0.00000000000 0.00000000000
 0.00000000000 0.00000000000 0.00000000000 0.00000000000
 0.00000000000 0.00000000000 0.00000000000 0.00000000000
 0.00000000000 0.00000000000 0.00000000000 0.00000000000
 0.00000000000 0.00000000000 0.00000000000 0.00000000000
 0.00000000000 0.00000000000 0.00000000000 0.00000000000
 0.00000000000 0.00000000000 0.00000000000 0.00000000000
 0.00000000000 0.00000000000 0.00000000000 0.00000000000
 0.00000000000 0.00000000000 0.00000000000 0.00000000000
 0.00000000000 0.00000000000 0.00000000000 0.00000000000
 0.00000000000 0.00000000000 0.00000000000 0.00000000000
 0.00000000000 0.00000000000 0.00000000000 0.00000000000
 0.00000000000 0.00000000000 0.00000000000 0.00000000000
 0.00000000000 0.00000000000 0.00000000000 0.00000000000
 0.00000000000 0.00000000000 0.00000000000 0.00000000000
 0.00000000000 0.00000000000 0.00000000000 0.00000000000
 0.00000000000 0.00000000000 0.00000000000 0.00000000000
 0.00000000000 0.00000000000 0.00000000000 0.00000000000
 0.00000000000 0.00000000000 0.00000000000 0.00000000000
# log_sel_spl_fsh[3]:
 0.00000000000 0.00000000000 0.00000000000 0.00000000000
 0.00000000000 0.00000000000 0.00000000000 0.00000000000
 0.00000000000 0.00000000000 0.00000000000 0.00000000000
 0.00000000000 0.00000000000 0.00000000000 0.00000000000
 0.00000000000 0.00000000000 0.00000000000 0.00000000000
# log_sel_spl_fsh[4]:
 0.00000000000 0.00000000000 0.00000000000 0.00000000000
 0.00000000000 0.00000000000 0.00000000000 0.00000000000
 0.00000000000 0.00000000000 0.00000000000 0.00000000000
 0.00000000000 0.00000000000 0.00000000000 0.00000000000
 0.00000000000 0.00000000000 0.00000000000 0.00000000000
 0.00000000000 0.00000000000 0.00000000000 0.00000000000
 0.00000000000 0.00000000000 0.00000000000 0.00000000000
 0.00000000000 0.00000000000 0.00000000000 0.00000000000
 0.00000000000 0.00000000000 0.00000000000 0.00000000000
 0.00000000000 0.00000000000 0.00000000000 0.00000000000
 0.00000000000 0.00000000000 0.00000000000 0.00000000000
 0.00000000000 0.00000000000 0.00000000000 0.00000000000
 0.00000000000 0.00000000000 0.00000000000 0.00000000000
 0.00000000000 0.00000000000 0.00000000000 0.00000000000
 0.00000000000 0.00000000000 0.00000000000 0.00000000000
 0.00000000000 0.00000000000 0.00000000000 0.00000000000
 0.00000000000 0.00000000000 0.00000000000 0.00000000000
 0.00000000000 0.00000000000 0.00000000000 0.00000000000
 0.00000000000 0.00000000000 0.00000000000 0.00000000000
 0.00000000000 0.00000000000 0.00000000000 0.00000000000
 0.00000000000 0.00000000000 0.00000000000 0.00000000000
 0.00000000000 0.00000000000 0.00000000000 0.00000000000
 0.00000000000 0.00000000000 0.00000000000 0.00000000000
 0.00000000000 0.00000000000 0.00000000000 0.00000000000
 0.00000000000 0.00000000000 0.00000000000 0.00000000000
 0.00000000000 0.00000000000 0.00000000000 0.00000000000
 0.00000000000 0.00000000000 0.00000000000 0.00000000000
 0.00000000000 0.00000000000 0.00000000000 0.00000000000
 0.00000000000 0.00000000000 0.00000000000 0.00000000000
 0.00000000000 0.00000000000 0.00000000000 0.00000000000
 0.00000000000 0.00000000000 0.00000000000 0.00000000000
 0.00000000000 0.00000000000 0.00000000000 0.00000000000
 0.00000000000 0.00000000000 0.00000000000 0.00000000000
 0.00000000000 0.00000000000 0.00000000000 0.00000000000
 0.00000000000 0.00000000000 0.00000000000 0.00000000000
 0.00000000000 0.00000000000 0.00000000000 0.00000000000
 0.00000000000 0.00000000000 0.00000000000 0.00000000000
 0.00000000000 0.00000000000 0.00000000000 0.00000000000
# logsel_slope_fsh[1]:
 0.00000000000 0.00000000000 0.00000000000 0.00000000000 0.00000000000 0.00000000000 0.00000000000 0.00000000000 0.00000000000 0.00000000000 0.00000000000 0.00000000000 0.00000000000 0.00000000000 0.00000000000 0.00000000000 0.00000000000 0.00000000000 0.00000000000 0.00000000000 0.00000000000 0.00000000000 0.00000000000 0.00000000000 0.00000000000 0.00000000000 0.00000000000 0.00000000000 0.00000000000 0.00000000000 0.00000000000 0.00000000000 0.00000000000 0.00000000000 0.00000000000 0.00000000000 0.00000000000 0.00000000000 0.00000000000 0.00000000000 0.00000000000 0.00000000000 0.00000000000 0.00000000000
# logsel_slope_fsh[2]:
 0.00000000000 0.00000000000 0.00000000000 0.00000000000 0.00000000000 0.00000000000 0.00000000000 0.00000000000 0.00000000000 0.00000000000 0.00000000000 0.00000000000 0.00000000000 0.00000000000 0.00000000000 0.00000000000 0.00000000000 0.00000000000 0.00000000000 0.00000000000 0.00000000000 0.00000000000 0.00000000000 0.00000000000 0.00000000000 0.00000000000 0.00000000000 0.00000000000 0.00000000000 0.00000000000 0.00000000000 0.00000000000 0.00000000000 0.00000000000 0.00000000000 0.00000000000 0.00000000000 0.00000000000 0.00000000000 0.00000000000 0.00000000000 0.00000000000 0.00000000000 0.00000000000
# logsel_slope_fsh[3]:
 0.00000000000 0.00000000000 0.00000000000 0.00000000000 0.00000000000
# logsel_slope_fsh[4]:
 0.00000000000 0.00000000000 0.00000000000 0.00000000000 0.00000000000 0.00000000000 0.00000000000 0.00000000000 0.00000000000 0.00000000000 0.00000000000 0.00000000000 0.00000000000 0.00000000000 0.00000000000 0.00000000000 0.00000000000 0.00000000000 0.00000000000 0.00000000000 0.00000000000 0.00000000000 0.00000000000 0.00000000000 0.00000000000 0.00000000000 0.00000000000 0.00000000000 0.00000000000 0.00000000000 0.00000000000 0.00000000000 0.00000000000 0.00000000000 0.00000000000 0.00000000000 0.00000000000 0.00000000000
# sel50_fsh[1]:
 0.00000000000 0.00000000000 0.00000000000 0.00000000000 0.00000000000 0.00000000000 0.00000000000 0.00000000000 0.00000000000 0.00000000000 0.00000000000 0.00000000000 0.00000000000 0.00000000000 0.00000000000 0.00000000000 0.00000000000 0.00000000000 0.00000000000 0.00000000000 0.00000000000 0.00000000000 0.00000000000 0.00000000000 0.00000000000 0.00000000000 0.00000000000 0.00000000000 0.00000000000 0.00000000000 0.00000000000 0.00000000000 0.00000000000 0.00000000000 0.00000000000 0.00000000000 0.00000000000 0.00000000000 0.00000000000 0.00000000000 0.00000000000 0.00000000000 0.00000000000 0.00000000000
# sel50_fsh[2]:
 0.00000000000 0.00000000000 0.00000000000 0.00000000000 0.00000000000 0.00000000000 0.00000000000 0.00000000000 0.00000000000 0.00000000000 0.00000000000 0.00000000000 0.00000000000 0.00000000000 0.00000000000 0.00000000000 0.00000000000 0.00000000000 0.00000000000 0.00000000000 0.00000000000 0.00000000000 0.00000000000 0.00000000000 0.00000000000 0.00000000000 0.00000000000 0.00000000000 0.00000000000 0.00000000000 0.00000000000 0.00000000000 0.00000000000 0.00000000000 0.00000000000 0.00000000000 0.00000000000 0.00000000000 0.00000000000 0.00000000000 0.00000000000 0.00000000000 0.00000000000 0.00000000000
# sel50_fsh[3]:
 0.00000000000 0.00000000000 0.00000000000 0.00000000000 0.00000000000
# sel50_fsh[4]:
 0.00000000000 0.00000000000 0.00000000000 0.00000000000 0.00000000000 0.00000000000 0.00000000000 0.00000000000 0.00000000000 0.00000000000 0.00000000000 0.00000000000 0.00000000000 0.00000000000 0.00000000000 0.00000000000 0.00000000000 0.00000000000 0.00000000000 0.00000000000 0.00000000000 0.00000000000 0.00000000000 0.00000000000 0.00000000000 0.00000000000 0.00000000000 0.00000000000 0.00000000000 0.00000000000 0.00000000000 0.00000000000 0.00000000000 0.00000000000 0.00000000000 0.00000000000 0.00000000000 0.00000000000
# logsel_p1_fsh[1]:
 0.00000000000 0.00000000000 0.00000000000 0.00000000000 0.00000000000 0.00000000000 0.00000000000 0.00000000000 0.00000000000 0.00000000000 0.00000000000 0.00000000000 0.00000000000 0.00000000000 0.00000000000 0.00000000000 0.00000000000 0.00000000000 0.00000000000 0.00000000000 0.00000000000 0.00000000000 0.00000000000 0.00000000000 0.00000000000 0.00000000000 0.00000000000 0.00000000000 0.00000000000 0.00000000000 0.00000000000 0.00000000000 0.00000000000 0.00000000000 0.00000000000 0.00000000000 0.00000000000 0.00000000000 0.00000000000 0.00000000000 0.00000000000 0.00000000000 0.00000000000 0.00000000000
# logsel_p1_fsh[2]:
 0.00000000000 0.00000000000 0.00000000000 0.00000000000 0.00000000000 0.00000000000 0.00000000000 0.00000000000 0.00000000000 0.00000000000 0.00000000000 0.00000000000 0.00000000000 0.00000000000 0.00000000000 0.00000000000 0.00000000000 0.00000000000 0.00000000000 0.00000000000 0.00000000000 0.00000000000 0.00000000000 0.00000000000 0.00000000000 0.00000000000 0.00000000000 0.00000000000 0.00000000000 0.00000000000 0.00000000000 0.00000000000 0.00000000000 0.00000000000 0.00000000000 0.00000000000 0.00000000000 0.00000000000 0.00000000000 0.00000000000 0.00000000000 0.00000000000 0.00000000000 0.00000000000
# logsel_p1_fsh[3]:
 0.00000000000 0.00000000000 0.00000000000 0.00000000000 0.00000000000
# logsel_p1_fsh[4]:
 0.00000000000 0.00000000000 0.00000000000 0.00000000000 0.00000000000 0.00000000000 0.00000000000 0.00000000000 0.00000000000 0.00000000000 0.00000000000 0.00000000000 0.00000000000 0.00000000000 0.00000000000 0.00000000000 0.00000000000 0.00000000000 0.00000000000 0.00000000000 0.00000000000 0.00000000000 0.00000000000 0.00000000000 0.00000000000 0.00000000000 0.00000000000 0.00000000000 0.00000000000 0.00000000000 0.00000000000 0.00000000000 0.00000000000 0.00000000000 0.00000000000 0.00000000000 0.00000000000 0.00000000000
# logsel_p2_fsh[1]:
 0.00000000000 0.00000000000 0.00000000000 0.00000000000 0.00000000000 0.00000000000 0.00000000000 0.00000000000 0.00000000000 0.00000000000 0.00000000000 0.00000000000 0.00000000000 0.00000000000 0.00000000000 0.00000000000 0.00000000000 0.00000000000 0.00000000000 0.00000000000 0.00000000000 0.00000000000 0.00000000000 0.00000000000 0.00000000000 0.00000000000 0.00000000000 0.00000000000 0.00000000000 0.00000000000 0.00000000000 0.00000000000 0.00000000000 0.00000000000 0.00000000000 0.00000000000 0.00000000000 0.00000000000 0.00000000000 0.00000000000 0.00000000000 0.00000000000 0.00000000000 0.00000000000
# logsel_p2_fsh[2]:
 0.00000000000 0.00000000000 0.00000000000 0.00000000000 0.00000000000 0.00000000000 0.00000000000 0.00000000000 0.00000000000 0.00000000000 0.00000000000 0.00000000000 0.00000000000 0.00000000000 0.00000000000 0.00000000000 0.00000000000 0.00000000000 0.00000000000 0.00000000000 0.00000000000 0.00000000000 0.00000000000 0.00000000000 0.00000000000 0.00000000000 0.00000000000 0.00000000000 0.00000000000 0.00000000000 0.00000000000 0.00000000000 0.00000000000 0.00000000000 0.00000000000 0.00000000000 0.00000000000 0.00000000000 0.00000000000 0.00000000000 0.00000000000 0.00000000000 0.00000000000 0.00000000000
# logsel_p2_fsh[3]:
 0.00000000000 0.00000000000 0.00000000000 0.00000000000 0.00000000000
# logsel_p2_fsh[4]:
 0.00000000000 0.00000000000 0.00000000000 0.00000000000 0.00000000000 0.00000000000 0.00000000000 0.00000000000 0.00000000000 0.00000000000 0.00000000000 0.00000000000 0.00000000000 0.00000000000 0.00000000000 0.00000000000 0.00000000000 0.00000000000 0.00000000000 0.00000000000 0.00000000000 0.00000000000 0.00000000000 0.00000000000 0.00000000000 0.00000000000 0.00000000000 0.00000000000 0.00000000000 0.00000000000 0.00000000000 0.00000000000 0.00000000000 0.00000000000 0.00000000000 0.00000000000 0.00000000000 0.00000000000
# logsel_p3_fsh[1]:
 0.00000000000 0.00000000000 0.00000000000 0.00000000000 0.00000000000 0.00000000000 0.00000000000 0.00000000000 0.00000000000 0.00000000000 0.00000000000 0.00000000000 0.00000000000 0.00000000000 0.00000000000 0.00000000000 0.00000000000 0.00000000000 0.00000000000 0.00000000000 0.00000000000 0.00000000000 0.00000000000 0.00000000000 0.00000000000 0.00000000000 0.00000000000 0.00000000000 0.00000000000 0.00000000000 0.00000000000 0.00000000000 0.00000000000 0.00000000000 0.00000000000 0.00000000000 0.00000000000 0.00000000000 0.00000000000 0.00000000000 0.00000000000 0.00000000000 0.00000000000 0.00000000000
# logsel_p3_fsh[2]:
 0.00000000000 0.00000000000 0.00000000000 0.00000000000 0.00000000000 0.00000000000 0.00000000000 0.00000000000 0.00000000000 0.00000000000 0.00000000000 0.00000000000 0.00000000000 0.00000000000 0.00000000000 0.00000000000 0.00000000000 0.00000000000 0.00000000000 0.00000000000 0.00000000000 0.00000000000 0.00000000000 0.00000000000 0.00000000000 0.00000000000 0.00000000000 0.00000000000 0.00000000000 0.00000000000 0.00000000000 0.00000000000 0.00000000000 0.00000000000 0.00000000000 0.00000000000 0.00000000000 0.00000000000 0.00000000000 0.00000000000 0.00000000000 0.00000000000 0.00000000000 0.00000000000
# logsel_p3_fsh[3]:
 0.00000000000 0.00000000000 0.00000000000 0.00000000000 0.00000000000
# logsel_p3_fsh[4]:
 0.00000000000 0.00000000000 0.00000000000 0.00000000000 0.00000000000 0.00000000000 0.00000000000 0.00000000000 0.00000000000 0.00000000000 0.00000000000 0.00000000000 0.00000000000 0.00000000000 0.00000000000 0.00000000000 0.00000000000 0.00000000000 0.00000000000 0.00000000000 0.00000000000 0.00000000000 0.00000000000 0.00000000000 0.00000000000 0.00000000000 0.00000000000 0.00000000000 0.00000000000 0.00000000000 0.00000000000 0.00000000000 0.00000000000 0.00000000000 0.00000000000 0.00000000000 0.00000000000 0.00000000000
# rec_dev_future:
 0.00000000000 0.00000000000 0.00000000000 0.00000000000 0.00000000000
 0.00000000000 0.00000000000 0.00000000000 0.00000000000 0.00000000000
# log_q_ind[1]:
0.884268506568
# log_q_ind[2]:
-1.42258977823
# log_q_ind[3]:
-2.56179059663
# log_q_ind[4]:
-9.97727081473
# log_q_ind[5]:
-9.81282367720
# log_q_ind[6]:
-0.942450778667
# log_q_power_ind[1]:
0.00000000000
# log_q_power_ind[2]:
0.00000000000
# log_q_power_ind[3]:
0.00000000000
# log_q_power_ind[4]:
0.00000000000
# log_q_power_ind[5]:
0.00000000000
# log_q_power_ind[6]:
0.00000000000
# log_rw_q_ind[1]:
 -1.01414649849
# log_rw_q_ind[6]:
 -0.170829640718
# log_selcoffs_ind[1]:
 -2.40896586711 -1.59354261092 -0.981986541716 -0.537384481832 -0.218148116425 0.0441675143269 0.277845209429 0.482391893361 0.638154570063 0.725455660714
 -2.95451743780 -2.18839784587 -1.45749627121 -0.826482907429 -0.343663344217 0.0190016809796 0.302896586774 0.546488379521 0.730856192492 0.823840003636
# log_selcoffs_ind[2]:
 -0.385067475739 -0.430566140422 -0.718070050059 -1.01292640842 -1.09880340776 -0.894877845005 -0.439398009403 0.173125746023 0.768083279433 1.12739718864
 0.139990439547 -0.286191329360 -0.552392904661 -0.670362165267 -0.642346451837 -0.466267638412 -0.160389451661 0.209406654857 0.538195602205 0.722927652577
 0.529598065254 0.162972308689 -0.0399929830456 -0.132072585069 -0.227181327628 -0.292706640156 -0.277854431263 -0.178057948856 -0.0103569088126 0.148986985925
# log_selcoffs_ind[3]:
 -0.202940821038 0.0202027052767 0.0202027052767 0.0202027052767 0.0202027052767 0.0202027052767 0.0202027052767 0.0202027052767 0.0202027052767 0.0202027052767
# log_selcoffs_ind[4]:
 -3.04452005677 -0.669616569639 0.101782682789 0.174353368097 0.174353368097 0.174353368097 0.174353368097 0.174353368097 0.174353368097 0.174353368097
# log_selcoffs_ind[5]:
 -3.04452005677 -0.669616569639 0.101782682789 0.174353368097 0.174353368097 0.174353368097 0.174353368097 0.174353368097 0.174353368097 0.174353368097
# log_selcoffs_ind[6]:
 -3.04452005677 -0.669616569639 0.101782682789 0.174353368097 0.174353368097 0.174353368097 0.174353368097 0.174353368097 0.174353368097 0.174353368097
# logsel_slope_ind[1]:
 0.00000000000 0.00000000000
# logsel_slope_ind[2]:
 0.00000000000 0.00000000000 0.00000000000
# logsel_slope_ind[3]:
 0.00000000000
# logsel_slope_ind[4]:
 0.00000000000
# logsel_slope_ind[5]:
 0.00000000000
# logsel_slope_ind[6]:
 0.00000000000
# sel50_ind[1]:
 0.00000000000 0.00000000000
# sel50_ind[2]:
 0.00000000000 0.00000000000 0.00000000000
# sel50_ind[3]:
 0.00000000000
# sel50_ind[4]:
 0.00000000000
# sel50_ind[5]:
 0.00000000000
# sel50_ind[6]:
 0.00000000000
# logsel_p1_ind[1]:
 0.00000000000 0.00000000000
# logsel_p1_ind[2]:
 0.00000000000 0.00000000000 0.00000000000
# logsel_p1_ind[3]:
 0.00000000000
# logsel_p1_ind[4]:
 0.00000000000
# logsel_p1_ind[5]:
 0.00000000000
# logsel_p1_ind[6]:
 0.00000000000
# sel_p2_ind[1]:
 0.00000000000 0.00000000000
# sel_p2_ind[2]:
 0.00000000000 0.00000000000 0.00000000000
# sel_p2_ind[3]:
 0.00000000000
# sel_p2_ind[4]:
 0.00000000000
# sel_p2_ind[5]:
 0.00000000000
# sel_p2_ind[6]:
 0.00000000000
# logsel_p3_ind[1]:
 0.00000000000 0.00000000000
# logsel_p3_ind[2]:
 0.00000000000 0.00000000000 0.00000000000
# logsel_p3_ind[3]:
 0.00000000000
# logsel_p3_ind[4]:
 0.00000000000
# logsel_p3_ind[5]:
 0.00000000000
# logsel_p3_ind[6]:
 0.00000000000
