# Number of parameters = 1659 Objective function value = 1222.59300604505  Maximum gradient component = 0.000214975024562705
# Mest[1]:
0.280000000000
# Mest[2]:
0.330000000000
# log_Linf[1]:
4.29810139974
# log_Linf[2]:
4.29810139974
# log_k[1]:
-1.83258146375
# log_k[2]:
-1.83258146375
# log_Lo[1]:
2.60712428251
# log_Lo[2]:
2.60712428251
# log_sdage[1]:
-2.40794560865
# log_sdage[2]:
-2.40794560865
# mean_log_rec[1]:
9.20130034210
# mean_log_rec[2]:
8.07786976946
# steepness[1]:
0.650000000000
# steepness[2]:
0.650000000000
# log_Rzero[1]:
9.14803913708
# log_Rzero[2]:
8.08554690871
# rec_dev:
 -0.0329583986296 -0.0430817892666 -0.0560088133375 -0.0724546003708 -0.0932829543865 -0.119417567820 -0.151025006713 -0.187709259446 -0.231388478530 -0.283114879181 -0.339902040488 -0.389731706876 -0.446523191475 -0.512871055406 -0.621010256357 -0.624434619896 -0.363736153727 -0.172359387129 0.0831970412660 0.300364535860 0.327571126840 0.344028614906 0.440201747963 0.537733992675 1.07227569840 0.887089477745 0.918805740446 1.74175770631 1.61636987929 0.789945416243 0.218637780461 0.502863052411 0.711878245921 0.791078525978 0.279461527982 0.306957941379 0.0812256387143 0.244774441762 0.339420100667 0.369431871883 0.482562124783 0.628014995494 0.643233136611 0.589232869574 0.206114285525 -0.250575574325 -0.114692827421 -0.572377968160 -1.41381228078 -0.570540307305 -0.777333683771 -1.12888458546 -1.18014028051 -1.21409958438 -1.09151517412 -0.661668076660 -0.689289668695 -0.467284431350 -0.240777827823 0.0827377661079 -0.0567840712722 -0.230867015430 0.181335108015 -0.191154477136 -0.545936730902 -0.175296157941 0.341744977710 -0.635211998601
 0.00510541972393 0.00726543751706 0.0101996842836 0.0141872646616 0.0197801144588 0.0268781802496 0.0390446205860 0.0630596637498 0.113778242173 0.201035388285 0.108869461292 -0.183832937090 0.0382726211318 0.330857727543 -0.0228813500058 -0.381446780521 0.243471573833 0.510021557852 0.123485582081 0.255897024976 0.118316473180 0.111871601745 0.0588457440314 0.124012809196 -0.246203321103 -1.02070344905 -0.456366172195 0.0816761501301 1.04203098323 0.0902641382553 -0.0188048555793 -0.585498857903 -0.791373949773 -0.126504928802 -0.121307447948 -0.266828353766 0.546726538151 -0.618338197115 -0.0395519564553 -0.0187997368528 0.504214994762 0.873992689141 -0.466191855273 0.467496243184 -1.77246404958 -0.0374025673259 0.772827536329 0.00363909159800 -1.15154370140 -1.07923139450 0.983336237134 -0.326968271465 -0.893420984907 -0.0654337514483 -0.367152232507 -0.301695275336 -0.406211373555 0.0154639780480 0.680244378293 0.507130122908 0.314845046649 0.430820561040 0.379718402740 -0.369660603343 -0.362260192051 -0.0604371750682 -2.70866729633e-05 -0.00524154831789
# log_sigmar[1]:
-0.510825623766
# log_sigmar[2]:
-0.510825623766
# fmort:
 -4.71622468248 -4.31848908335 -5.06608709810 -4.76114198920 -4.01481965823 -3.70722252747 -3.40095566320 -3.45323649766 -2.83612151139 -2.98859725550 -3.29225126535 -2.91229542554 -2.18753456861 -3.12729212231 -2.29005140792 -2.86440878176 -5.26550885293 -3.97376067362 -4.32821228967 -4.38576055898 -4.39050664378 -4.02197196933 -3.92041773747 -3.71270653494 -4.13448813538 -3.82241245579 -3.31635745854 -4.33097249009 -5.51129355623 -4.87216019443 -4.44823284903 -3.84134202044 -4.73631546378 -4.33006573261 -4.21959514986 -3.71462252905 -3.60099912735 -3.12981133218 -2.59377736517 -2.80360396654 -2.17760004066 -3.75428243421 -4.72366228149 -4.16992932661 -4.04080489674 -3.63948438724 -3.88545748075 -3.35940605593 -4.43457925941 -4.65692948704 -3.42169917165 -3.35506396227 -3.43412776212 -3.54132934995 -3.16786441268 -2.66277088949 -3.14990001194
 -7.11119700199 -6.68499588027 -6.22596960663 -5.64207859649 -5.86725317895 -5.16808358000 -4.66705576377 -4.37745899947 -3.95485905712 -3.76396575053 -3.64384275278 -2.89728978648 -2.65580172388 -2.92465808148 -2.59474436777 -2.26912289088 -2.16467553138 -1.91398973747 -1.87059924320 -1.78874676456 -1.77188777816 -1.37183610436 -0.926542910905 -0.799354079749 -0.383920809631 0.196796746776 0.481584484684 0.706133391736 0.272965722132 -0.0789982872376 -0.372961226518 -0.171177647882 -0.104566595264 -0.290985400325 -0.400937355741 -0.304794477101 -0.380889006896 -0.307119335659 -0.695779064928 -0.639251645914 -1.20499384263 -1.26459636377 -1.26280135186 -1.31022882765 -1.25682945698 -1.14586684637 -1.09627164861 -1.03693585840 -0.895634481968 -1.03301863654 -0.878403279308 -0.732572634870 -0.642283640932 -0.549875703146 -0.0893263465555 -0.152724281301 -0.629369266967
 -7.43005266424 -6.73705010737 -5.68518269818 -4.91622811234 -3.94900846549 -5.03334616281 -4.51828658045 -2.15706145400 -2.55381116346 -2.60733438496 -2.31384365943 -2.05773592593 -3.29783127592 -3.59302107815 -3.19347360487 -3.48517088305 -3.84528935774 -4.11299281123 -2.96569182388 -3.49001287814 -2.75377058061 -2.93672550790 -3.23882906853 -2.86288033626 -2.63655414241 -1.35458867341 -1.09871844452 -0.771138088162 0.0749123410621 -1.77252023074 -2.10612347929 -1.37932974764 -3.20229009989 -2.84284876323 -3.13778115665 -3.46784386573 -2.79384106721 -3.21400110678 -3.24580556595 -3.44175138771 -5.12518030745 -3.20497106646 -3.33531365638 -3.80313293716 -4.03007432054 -5.13810713289 -5.51647310934 -6.09671245618 -4.54876077910 -4.03652650218 -4.09536954142 -4.37175329157 -4.07714279028 -3.64815598345 -3.61911092955 -3.46550331966 -3.78444077594
 -9.55506342085 -9.52388773736 -7.78250488832 -9.44796099180 -9.39994668745 -9.34166142358 -9.23401096056 -8.38190315205 -5.18598771262 -3.10314448904 -3.09526028550 -2.76805940027 -2.12417382777 -1.81726369747 -1.58320608992 -1.86104583949 -2.02341312440 -2.25985681753 -2.48821393596 -2.66520176986 -2.81383998132 -3.32284097788 -5.85885920082 -9.32547848257 -9.10893249175 -8.76778890631 -8.37081484087 -8.00388738257 -7.85865670561 -7.95477064831 -7.43096662708 -5.54493094439 -4.42549429140 -3.84009011247 -3.19034816895 -3.30431820472 -2.77966263222 -2.30862820193 -2.08961788766 -1.84563702401 -1.86388209246 -2.99291512257 -3.36979142766 -3.39888128888 -3.03034710198 -2.88349264910 -3.36704837561 -3.42381672764 -3.42781802028 -3.59701669885 -6.07538733775 -3.92669281774 -3.80460496808 -3.49248819062 -4.44179247533 -4.11580607270 -3.68874143295
# log_selcoffs_fsh[1]:
 -3.50874175167 -1.86146374115 -0.874921631043 0.0580863609707 0.856276726588 0.954987046206 0.302657292042 -0.446004056783 -0.938351370894
 -3.10471941624 -1.44841829726 -0.742446340564 0.00672200172489 0.745653153431 0.895436418415 0.377300141608 -0.290503860159 -0.744275348432
 -2.79229040165 -1.35215561221 -0.538245895456 0.224879668951 0.726403832662 0.728685661458 0.310995295351 -0.227433608111 -0.611107978781
 -2.39932660549 -1.14003314391 -0.531566798716 0.0697110341218 0.762679142928 0.731573155298 0.273858745409 -0.216689699794 -0.532795946879
 -1.75900584055 -0.260687451023 0.00673973486125 0.209280661271 0.420263786886 0.442971133482 0.190843274668 -0.150972473596 -0.403650892472
 -1.65171334221 -0.464864021332 0.461678919815 0.640625120315 0.270987587725 0.0828484111974 -0.0874550270968 -0.292649831639 -0.453380657272
 -1.38564496999 -0.332798765805 0.540377043525 0.723912739997 0.268814995776 -0.0771390974809 -0.277287854729 -0.415375589912 -0.508031649071
 -1.00717601678 -0.167692318172 0.589122350264 0.770621568751 0.180295497239 -0.205561330200 -0.421702558032 -0.525686416317 -0.567780606435
 -0.744881114537 0.253785907698 0.484551049168 0.586935204427 0.273467714335 -0.216672070864 -0.499630387976 -0.601705414698 -0.616076523245
 -0.519976429347 0.390797178506 0.571706892227 0.563710730236 0.127372827955 -0.340744060871 -0.612677351343 -0.687617484671 -0.679074071912
 -0.0174477439184 0.919937032727 0.446235620931 0.151740274444 -0.236174451939 -0.552478262454 -0.732804008246 -0.773089380956 -0.745330695457
 0.184227352735 0.861282669360 0.608147836569 0.116365837167 -0.425087950449 -0.700801485328 -0.822756010451 -0.839125341841 -0.798781336809
 -0.0572352597161 1.12722651254 0.637326486150 -0.0967353101075 -0.635132576189 -0.860559731327 -0.926923643285 -0.913152459150 -0.868656492834
 0.170426356447 1.15176454837 0.580264293645 -0.177959129545 -0.742419075913 -0.947747811729 -0.988081148705 -0.952804651607 -0.902857651426
 0.176376225306 1.19120364917 0.564748278279 -0.218897066767 -0.781945926464 -0.991468425744 -1.02890395712 -0.985078016029 -0.930619954579
 -0.239054145462 1.26050699977 0.668697282796 -0.175488530614 -0.800842624940 -1.02602996062 -1.06718376953 -1.01957892473 -0.960822994902
 -0.148448236646 1.29504376332 0.599566474776 -0.214689490103 -0.822294729713 -1.04823645716 -1.08929484371 -1.03756121129 -0.973046793694
 0.385929259225 1.09483067258 0.638493690647 -0.227249686310 -0.841663031947 -1.06038445655 -1.09546704917 -1.03398265995 -0.960483914066
 0.706392167133 1.08298857121 0.406523743152 -0.331896915912 -0.890671328474 -1.09812025595 -1.12405852174 -1.04836968222 -0.964048568310
 0.428862375428 1.18069805417 0.550893828041 -0.326918157603 -0.940679461549 -1.14770516178 -1.15679354988 -1.05890992482 -0.960126577678
 0.506662875519 1.26461858635 0.392045425354 -0.456923929200 -1.02669411435 -1.21130613943 -1.19634197823 -1.07185452531 -0.955516764650
 0.510264876431 1.24882568714 0.490703784184 -0.533211435395 -1.12681319055 -1.28220573349 -1.23009763280 -1.07357114342 -0.935730590034
 0.707783934148 1.20115654484 0.378995140604 -0.562539723722 -1.16722961678 -1.32393091383 -1.24970667051 -1.06224812844 -0.900431422926
 0.423580839602 1.36111724889 0.340209163472 -0.613072946886 -1.18859943687 -1.34163993940 -1.25635053344 -1.04536749924 -0.860887207868
 0.590226198733 1.26745165898 0.318402295480 -0.581101673242 -1.15176920662 -1.31487861586 -1.22330709159 -0.988229971504 -0.779734203230
 0.657977643081 1.13317516012 0.376138734456 -0.434480120650 -1.08822531047 -1.26709452586 -1.15241823719 -0.891761172049 -0.663399067379
 0.247301576854 1.19223218788 0.470281317264 -0.310215107269 -0.991402764453 -1.17103029448 -1.04161740821 -0.762620527952 -0.526201220321
 0.232701991060 1.15788878469 0.388554021131 -0.396410366217 -0.918857999203 -1.04335139566 -0.884587242133 -0.600153742681 -0.364774103070
 0.966860660609 0.679486858661 0.0230283180246 -0.573597319390 -0.900712784953 -0.916871004477 -0.706317447340 -0.402698800091 -0.171204909127
 0.544200068890 0.899955361143 -0.00248897964680 -0.677338991312 -0.888714167590 -0.791868930328 -0.522386011147 -0.199573415447 0.0348180878547
 0.286225327834 0.857669703763 -0.162530952058 -0.718809480806 -0.812295818744 -0.649503945169 -0.332342060075 0.00925350788514 0.247597307362
 0.163420495275 0.456582538873 -0.253998587799 -0.652161037385 -0.666773912301 -0.458749495217 -0.114790082461 0.244438851503 0.490598560065
 -0.718996217291 0.126121450938 -0.240768269313 -0.483613688232 -0.427166850720 -0.254197543707 0.0823536546705 0.419559490703 0.663069138015
 -1.18424395089 -0.574904986658 -0.609310825277 -0.439752605787 -0.208788699067 -0.0680030523994 0.303158651935 0.541600985447 0.753599152797
 -0.783807577280 -0.369630086099 -0.905168049970 -0.896762900805 -0.555851948102 -0.178236278672 0.253389760309 0.631615023981 0.900415599774
 -0.261465002063 -1.22727895641 -1.38669894219 -1.09274396794 -0.652484845381 -0.194341372183 0.279020282110 0.699423947772 0.983291051139
 -1.57008156991 -1.62613335317 -1.50221902024 -0.994898173581 -0.490710115495 -0.0963794033284 0.381742910556 0.782999688079 1.04017566327
 -2.42069462000 -1.87670424919 -1.55463839820 -1.00224717980 -0.473113928492 -0.0264179779376 0.374323923202 0.788220903597 1.07474700858
 -2.72153496779 -2.57546754793 -2.16634392444 -1.40532549151 -0.550770981250 0.0835254845856 0.541909053962 0.853739551820 1.01773064542
 -3.20799805780 -2.99574052445 -2.46239341177 -1.58577099455 -0.652242458869 0.127920807943 0.612021883684 0.865267459774 1.00883527893
 -3.34772870903 -3.06244138161 -2.44549583421 -1.63218427888 -0.792158518635 -0.0697641049337 0.502597891083 0.919130617571 1.12826078561
 -3.73971052471 -3.09312196860 -2.29625088680 -1.57983709575 -0.857594428456 -0.188731681726 0.384460092957 0.917426817050 1.22388781915
 -3.95629711712 -3.15483188301 -2.31253630855 -1.61525272654 -0.944477881482 -0.270497625518 0.355451316588 0.920892192150 1.26698515951
 -3.96968388182 -3.17100100325 -2.36907955459 -1.63365139824 -0.944106521476 -0.290643007742 0.367715101874 0.935808100893 1.25842237867
# log_selcoffs_fsh[2]:
 -2.07245203500 -0.127418680812 0.613287810333 0.875096154090 0.581417733178 0.0179005593360 -0.419196620775 -0.710088997097 -0.876127132323 -0.978278168643
 -2.05447248685 -0.165027256964 -0.131197308557 0.413061098736 0.797341633375 0.582825330511 0.0200734874662 -0.453462239172 -0.684477722508 -0.766345059424
 -2.53058729686 -0.759579409858 -0.276181011648 0.278100866406 0.775557187505 0.730971332943 0.205791638751 -0.289412878681 -0.524071192525 -0.588741545134
 -2.85051856950 -1.30200282832 -0.443529521487 0.0956161455819 0.710685395760 0.822804057270 0.303188227621 -0.139032063778 -0.339135686684 -0.387018089197
 -2.37734783376 -0.878301024697 -0.826092175041 -0.354325174466 0.410318922793 0.778460229568 0.466410020808 0.139845089858 -0.0187353699118 -0.0607032721565
 -1.88159675305 -0.771318765855 -0.592294737399 -0.525657454573 -0.0439789589016 0.376144329256 0.479369483339 0.405331063113 0.324597801851 0.284477118073
 -2.53922446308 -1.23802223147 -0.381686989366 -0.267343612543 -0.181906608329 0.103904342100 0.367877131099 0.486534879144 0.477742986179 0.442155594708
 -3.13949840597 -2.08710408387 -1.25836973715 -0.545248035946 0.000136303012887 0.335667199088 0.535415731220 0.522073499303 0.487987924739 0.436390596839
 -3.47083924845 -2.42081064288 -1.76939790347 -1.07736922106 -0.295594705173 0.226066041344 0.583293803225 0.723253362413 0.641831600550 0.481419301760
 -3.62478615726 -2.39505374927 -1.69130754808 -1.21113013095 -0.771158384804 -0.173998425678 0.373321733970 0.860597874901 0.899591066140 0.599682308799
 -3.57158282941 -2.04798961326 -1.32596882979 -0.912252056741 -0.584208648388 -0.342627203439 0.132085911743 0.703746021870 0.929671316027 0.793936606390
 -3.61634310871 -2.09920013784 -1.28180254834 -0.873616520869 -0.542384890105 -0.233963765595 0.276014705347 0.635821546530 0.807992047665 0.847154752073
 -3.42419574844 -1.59840379041 -1.00247702936 -0.674055250777 -0.449623776928 -0.368457256331 0.0374745880133 0.439984425406 0.791166252655 1.01598880703
 -3.17669492735 -1.38344503897 -0.804104651681 -0.628836669376 -0.552068806337 -0.431533278410 -0.115489498912 0.314278832652 0.786025188216 1.11407079881
 -2.94656928615 -0.955179660337 -0.661504281362 -0.738327756030 -0.820631324593 -0.654752629644 -0.240968457608 0.260206332659 0.812343226709 1.18563999712
 -2.69015590427 -0.682028912287 -0.739435929357 -0.867576081484 -0.965808614513 -0.781739776524 -0.330208330799 0.217682135100 0.813557906103 1.24502390595
 -2.33784863829 -0.792020880989 -0.807000299879 -0.918380066050 -1.05078907494 -0.936252197358 -0.503497921762 0.120166540859 0.824153605950 1.34842965902
 -2.66374108824 -0.853177109672 -0.665275273559 -0.829012203812 -1.03720174598 -0.955728702421 -0.555967420958 0.0634332790034 0.787975367340 1.38045722184
 -2.97517018608 -1.15062259642 -0.735192075302 -0.823475543370 -1.00811526575 -0.912716942882 -0.510012661772 0.0897970762009 0.789367280708 1.39906827910
 -3.10434084194 -1.48056895277 -1.07696638942 -0.886958431290 -0.964150044119 -0.876022230620 -0.473958268100 0.137977548092 0.834335455290 1.41186325961
 -3.14274738068 -1.51766199442 -0.988325755462 -0.758716365107 -0.872730293293 -0.874934427255 -0.519974106676 0.101891973824 0.824604274080 1.40601592933
 -3.25887871395 -1.56433688649 -0.913643361221 -0.582155653497 -0.687339943161 -0.733727073894 -0.457319561543 0.0628135828881 0.762295379729 1.37840439887
 -3.41507933820 -2.04294831702 -1.16149972984 -0.595322084175 -0.543190416511 -0.609038734518 -0.397062560907 0.0377027715188 0.694860723884 1.41928634728
 -3.46421275425 -2.26260952439 -1.41149253306 -0.747306063384 -0.337733221118 -0.306789493677 -0.0864323885038 0.243268844691 0.715618978985 1.24125447816
 -3.41668202408 -1.96594311492 -1.28486414144 -0.941991212150 -0.497842140045 -0.159303009095 0.110808391456 0.440212083350 0.727717690766 1.08501020151
 -3.44197614426 -2.11933219679 -1.28863427567 -0.520490747480 -0.150632137032 0.0272396300200 0.249904847318 0.543113553448 0.705960046823 0.722308390670
 -3.46582853047 -1.67244937491 -0.944879431841 -0.0545273542568 0.279233925116 0.320834029070 0.374017253123 0.489384945756 0.386162849188 0.172872698069
 -3.58488647952 -1.07302851518 -0.460883438176 0.00503888722717 0.418792391563 0.436437470227 0.547992724042 0.357452159566 -0.000563849177070 -0.263568372892
 -3.81504966134 -2.06657494935 -1.06890812706 -0.0298396083376 0.385838597878 0.479332264238 0.660790474795 0.327742033704 0.104308222880 0.0172716932298
 -4.02488561925 -2.26136582730 -0.962530555326 -0.161579365371 0.448777308130 0.469381353281 0.385187178355 0.266923695535 0.276912569515 0.325642896739
 -3.89994857078 -1.84931614667 -0.665879573979 -0.0613022872137 0.0587457601005 0.0488477326473 0.183997577908 0.322465807752 0.517740706381 0.691502582118
 -3.82678997355 -1.97609114077 -1.00959297723 -0.486761679633 -0.125024069287 -0.00706390057034 0.0607534239138 0.360341031013 0.673549398069 0.927251224610
 -3.31455912916 -1.33146238187 -1.15896184554 -0.857475392691 -0.421715423418 -0.164741908489 0.0147074102458 0.351268310851 0.763651791093 1.05629570063
 -3.83927327742 -1.74704953528 -1.06560966698 -0.636414989484 -0.342150838604 -0.122884014055 0.0615623090635 0.380298276142 0.729738686656 1.00618123647
 -4.13082164303 -2.12703608139 -1.42379060917 -0.922887106595 -0.378465266711 -0.0591312387336 0.196694489224 0.485358721905 0.778361029828 0.947419654285
 -4.55504287933 -2.50875614537 -1.48236456939 -0.953496387231 -0.480707027755 -0.177203780530 0.155787005357 0.511169997376 0.799381109301 1.02233874380
 -5.01761803207 -3.12920991635 -1.88254692473 -1.01885641484 -0.306541926751 0.0158106743530 0.287117519997 0.563012321328 0.755195804517 0.903380128006
 -5.31651439260 -3.54481474430 -2.55148003879 -1.64041262786 -0.727381135612 -0.0961448060073 0.296306100085 0.608946347743 0.838529896236 1.03194020759
 -5.59293675712 -3.95931732964 -2.63423630292 -1.85578576216 -0.983925010597 -0.368428261436 0.109410649721 0.518307954483 0.879966030464 1.24640327654
 -5.75134356389 -4.36999532191 -3.03354667528 -2.01434594722 -1.34864041688 -0.689134176750 -0.158419473212 0.351221809783 0.890993759096 1.46537571457
 -5.82756472813 -4.32940026945 -2.96702921445 -1.85730542257 -1.21352870799 -0.828078173836 -0.398078487691 0.0969960623931 0.829303823411 1.60484903321
 -5.87098601167 -4.18943332675 -2.77441245242 -1.85457325995 -1.11053266656 -0.876247810103 -0.674284251267 -0.192511060225 0.687811445952 1.73934803730
 -6.15437820339 -4.45676439477 -2.71274534781 -1.46216755647 -0.910620256414 -0.569882105025 -0.527346563221 -0.252585583805 0.618659533340 1.70418881763
 -6.10664629973 -4.45236636068 -2.92900404787 -1.69555009819 -0.859712761634 -0.544498827269 -0.357061466820 -0.0346661371511 0.732250629118 1.60950656647
# log_selcoffs_fsh[3]:
 -3.42246716603 -0.774222599400 1.60678268109 0.927142373377 -0.478093141365 -1.61384565191 -2.41596080848 -3.00672025441 -3.36772899430
 -3.29921652803 -0.220393393900 1.77196866982 0.445655547239 -0.949076564767 -1.80660390323 -2.47349224812 -3.03271711154 -3.40625293411
 -3.44123465154 0.769309870504 1.52918576004 0.313969149898 -0.837191127282 -1.58032628622 -2.28727472591 -2.95309010236 -3.38496110566
 -3.19499510484 0.560106090295 1.44040155897 0.534403846199 -0.341800060658 -1.08650156283 -1.98145527646 -2.83499931163 -3.35579941709
 -3.34935339217 -1.41994121280 -0.0635456104860 1.10932571531 1.22146022920 0.0432922024261 -1.53829128232 -2.72251695804 -3.33589006232
# log_selcoffs_fsh[4]:
 -2.13776318291 -1.74636347111 -1.33199796457 -0.877936085886 -0.393620718544 0.0817934933780 0.485845520854 0.768695741303 0.910571904567
 -2.12795780008 -1.74190621204 -1.33170753441 -0.879614645512 -0.395090333438 0.0809382264864 0.486354662438 0.769303194627 0.909951963785
 -2.10847924216 -1.73403788749 -1.33421026422 -0.883521979548 -0.395812439518 0.0834753650088 0.490204606675 0.769309334540 0.905917165746
 -2.07710747547 -1.71395175386 -1.33431990775 -0.901119024067 -0.403968913110 0.0896444486032 0.498357463016 0.770959312715 0.898452107723
 -2.02592977774 -1.67403515186 -1.31413103976 -0.904421930110 -0.428343029604 0.0801690355849 0.507172054963 0.776192421700 0.891312478566
 -1.96010820182 -1.59873567371 -1.27500900708 -0.904181530449 -0.430848419313 0.0735531219121 0.506476326360 0.775785107634 0.881570873895
 -1.88654706895 -1.52789025290 -1.17243429593 -0.849538400205 -0.429167713712 0.0686838119729 0.498978388133 0.764214638569 0.866131417044
 -1.79867622360 -1.45776049895 -1.10373772413 -0.738986252771 -0.365792684477 0.0723682724495 0.476626865858 0.737614444445 0.842526476780
 -1.67638422885 -1.35075356435 -1.03223361759 -0.683128129244 -0.294999640274 0.0982740461779 0.458733126309 0.701462871478 0.809192973313
 -1.53155266999 -1.20188978408 -0.878847491944 -0.600859892152 -0.274864486982 0.0962032298353 0.427890724420 0.665557717531 0.779013774449
 -1.38970901993 -1.05396686375 -0.722139785234 -0.431236890294 -0.216105654114 0.0559159674060 0.368976900882 0.615171238695 0.745500753513
 -1.25706814053 -0.938596086311 -0.610818977310 -0.304646299082 -0.0798665319183 0.0666619819284 0.292722756102 0.539371430425 0.691582379718
 -1.13184084741 -0.833459582704 -0.541641525116 -0.256558695109 -0.0201738323342 0.136661934896 0.276302614395 0.466039106068 0.614715554778
 -1.00456469539 -0.727087795906 -0.458162175925 -0.211458584355 -0.00976146878866 0.141981529257 0.279176759202 0.426678251717 0.537423785765
 -0.878494778135 -0.621463570314 -0.377084604177 -0.162436904287 0.00989839839216 0.143550976288 0.262452948121 0.378433694418 0.461897390529
 -0.754702212158 -0.518202569820 -0.296628663329 -0.112929835158 0.0315175895674 0.139988777377 0.233809716983 0.322577253705 0.386187238408
 -0.628368932808 -0.415939690160 -0.217536869576 -0.0640608320626 0.0497662633326 0.128232240155 0.195036909796 0.260811250995 0.309828930796
 -0.495712906638 -0.300683051348 -0.149828179673 -0.0357698433428 0.0578944239535 0.110643610257 0.153522157245 0.195487121865 0.236175251489
 -0.372600219212 -0.192027028301 -0.0493227184383 -0.0430216983385 0.0235834766586 0.0919577294658 0.112122979292 0.142038512580 0.169368471612
 -0.337649475981 -0.125661912467 0.0170046228128 0.0428058749176 -0.00676237430089 0.0282121398637 0.0780864145085 0.102410960506 0.124716386566
 -0.365635410955 -0.116109714680 -0.0154148107305 0.0991210346643 0.113032463256 0.0382202478262 0.0432433927305 0.0617179384893 0.0587223853062
 -0.546336586428 -0.275537750393 -0.0767519319662 0.0430834510299 0.168478990932 0.153204995819 0.130108746801 0.106785414499 0.0870113306418
 -0.735269867645 -0.461708357328 -0.191627253779 0.00693576015069 0.143441122361 0.222309393578 0.228892464495 0.199709747699 0.162451869850
 -0.941230764973 -0.631859131492 -0.346973982186 -0.0769859673940 0.139189893164 0.267311735750 0.305969553138 0.290583612744 0.258190086317
 -1.10666602134 -0.755969516567 -0.418273507670 -0.119702208668 0.140422985358 0.298318492203 0.339435412174 0.332258733836 0.305864701614
 -1.30562326493 -0.933792946699 -0.583717093401 -0.215644353591 0.105857546104 0.318269378286 0.405897304816 0.410699608360 0.390122853203
 -1.50174859521 -1.07756284970 -0.783337450351 -0.355703926184 0.0962410542144 0.345584392385 0.454028937713 0.478926739959 0.455177055630
 -1.69468841002 -1.34981583855 -0.965660250623 -0.424408792265 0.00686543498452 0.226715514877 0.421072697892 0.581629461556 0.666936238527
 -1.21122319482 -1.31426658069 -1.06568399457 -0.675613621818 -0.229108789397 0.140524583309 0.429665137512 0.649196535749 0.780835213769
 -1.62978519798 -1.31709868421 -1.14677514129 -0.774027602564 -0.287714427095 0.133380749598 0.451373365268 0.691749371437 0.831591151242
 -1.60614819795 -1.15832834557 -1.09216331075 -0.889881584151 -0.521156015110 -0.0716989037804 0.385509280401 0.754479641305 0.962266871068
 -1.53716761248 -0.823834980902 -0.830484323130 -0.863954278895 -0.654274580206 -0.245536841979 0.243401880829 0.720201272721 1.04956319029
 -1.63940661714 -0.471574239028 0.0319274783945 -0.255322599376 -0.369650036357 -0.275168079903 0.0443931677924 0.480755869023 0.816101860692
 -1.61993964800 -0.199293540982 -0.0297143826915 -0.137101735067 -0.261137683606 -0.266504551929 -0.0106411246014 0.409825817329 0.745728993833
 -1.71111436806 -0.580728543167 -0.0114113206118 0.0817762816406 -0.230507314397 -0.338111072856 -0.105041182404 0.393065730033 0.831572728793
 -1.72586476490 -0.769680950778 -0.331589063089 -0.253479386022 -0.322768568596 -0.453165980870 -0.223808505039 0.439345929431 1.14868042859
 -1.05226085698 -0.0189116251056 -0.0357658528939 -0.521751713891 -0.775392260649 -0.680100728440 -0.275905215729 0.398737503621 1.06309692032
 -0.883872107470 -0.352690164424 -0.147292765157 -0.364207082956 -0.612848799718 -0.568320018794 -0.160159284378 0.475431815787 1.01422947768
# log_sel_spl_fsh[1]:
 0.00000000000 0.00000000000 0.00000000000 0.00000000000
 0.00000000000 0.00000000000 0.00000000000 0.00000000000
 0.00000000000 0.00000000000 0.00000000000 0.00000000000
 0.00000000000 0.00000000000 0.00000000000 0.00000000000
 0.00000000000 0.00000000000 0.00000000000 0.00000000000
 0.00000000000 0.00000000000 0.00000000000 0.00000000000
 0.00000000000 0.00000000000 0.00000000000 0.00000000000
 0.00000000000 0.00000000000 0.00000000000 0.00000000000
 0.00000000000 0.00000000000 0.00000000000 0.00000000000
 0.00000000000 0.00000000000 0.00000000000 0.00000000000
 0.00000000000 0.00000000000 0.00000000000 0.00000000000
 0.00000000000 0.00000000000 0.00000000000 0.00000000000
 0.00000000000 0.00000000000 0.00000000000 0.00000000000
 0.00000000000 0.00000000000 0.00000000000 0.00000000000
 0.00000000000 0.00000000000 0.00000000000 0.00000000000
 0.00000000000 0.00000000000 0.00000000000 0.00000000000
 0.00000000000 0.00000000000 0.00000000000 0.00000000000
 0.00000000000 0.00000000000 0.00000000000 0.00000000000
 0.00000000000 0.00000000000 0.00000000000 0.00000000000
 0.00000000000 0.00000000000 0.00000000000 0.00000000000
 0.00000000000 0.00000000000 0.00000000000 0.00000000000
 0.00000000000 0.00000000000 0.00000000000 0.00000000000
 0.00000000000 0.00000000000 0.00000000000 0.00000000000
 0.00000000000 0.00000000000 0.00000000000 0.00000000000
 0.00000000000 0.00000000000 0.00000000000 0.00000000000
 0.00000000000 0.00000000000 0.00000000000 0.00000000000
 0.00000000000 0.00000000000 0.00000000000 0.00000000000
 0.00000000000 0.00000000000 0.00000000000 0.00000000000
 0.00000000000 0.00000000000 0.00000000000 0.00000000000
 0.00000000000 0.00000000000 0.00000000000 0.00000000000
 0.00000000000 0.00000000000 0.00000000000 0.00000000000
 0.00000000000 0.00000000000 0.00000000000 0.00000000000
 0.00000000000 0.00000000000 0.00000000000 0.00000000000
 0.00000000000 0.00000000000 0.00000000000 0.00000000000
 0.00000000000 0.00000000000 0.00000000000 0.00000000000
 0.00000000000 0.00000000000 0.00000000000 0.00000000000
 0.00000000000 0.00000000000 0.00000000000 0.00000000000
 0.00000000000 0.00000000000 0.00000000000 0.00000000000
 0.00000000000 0.00000000000 0.00000000000 0.00000000000
 0.00000000000 0.00000000000 0.00000000000 0.00000000000
 0.00000000000 0.00000000000 0.00000000000 0.00000000000
 0.00000000000 0.00000000000 0.00000000000 0.00000000000
 0.00000000000 0.00000000000 0.00000000000 0.00000000000
 0.00000000000 0.00000000000 0.00000000000 0.00000000000
# log_sel_spl_fsh[2]:
 0.00000000000 0.00000000000 0.00000000000 0.00000000000
 0.00000000000 0.00000000000 0.00000000000 0.00000000000
 0.00000000000 0.00000000000 0.00000000000 0.00000000000
 0.00000000000 0.00000000000 0.00000000000 0.00000000000
 0.00000000000 0.00000000000 0.00000000000 0.00000000000
 0.00000000000 0.00000000000 0.00000000000 0.00000000000
 0.00000000000 0.00000000000 0.00000000000 0.00000000000
 0.00000000000 0.00000000000 0.00000000000 0.00000000000
 0.00000000000 0.00000000000 0.00000000000 0.00000000000
 0.00000000000 0.00000000000 0.00000000000 0.00000000000
 0.00000000000 0.00000000000 0.00000000000 0.00000000000
 0.00000000000 0.00000000000 0.00000000000 0.00000000000
 0.00000000000 0.00000000000 0.00000000000 0.00000000000
 0.00000000000 0.00000000000 0.00000000000 0.00000000000
 0.00000000000 0.00000000000 0.00000000000 0.00000000000
 0.00000000000 0.00000000000 0.00000000000 0.00000000000
 0.00000000000 0.00000000000 0.00000000000 0.00000000000
 0.00000000000 0.00000000000 0.00000000000 0.00000000000
 0.00000000000 0.00000000000 0.00000000000 0.00000000000
 0.00000000000 0.00000000000 0.00000000000 0.00000000000
 0.00000000000 0.00000000000 0.00000000000 0.00000000000
 0.00000000000 0.00000000000 0.00000000000 0.00000000000
 0.00000000000 0.00000000000 0.00000000000 0.00000000000
 0.00000000000 0.00000000000 0.00000000000 0.00000000000
 0.00000000000 0.00000000000 0.00000000000 0.00000000000
 0.00000000000 0.00000000000 0.00000000000 0.00000000000
 0.00000000000 0.00000000000 0.00000000000 0.00000000000
 0.00000000000 0.00000000000 0.00000000000 0.00000000000
 0.00000000000 0.00000000000 0.00000000000 0.00000000000
 0.00000000000 0.00000000000 0.00000000000 0.00000000000
 0.00000000000 0.00000000000 0.00000000000 0.00000000000
 0.00000000000 0.00000000000 0.00000000000 0.00000000000
 0.00000000000 0.00000000000 0.00000000000 0.00000000000
 0.00000000000 0.00000000000 0.00000000000 0.00000000000
 0.00000000000 0.00000000000 0.00000000000 0.00000000000
 0.00000000000 0.00000000000 0.00000000000 0.00000000000
 0.00000000000 0.00000000000 0.00000000000 0.00000000000
 0.00000000000 0.00000000000 0.00000000000 0.00000000000
 0.00000000000 0.00000000000 0.00000000000 0.00000000000
 0.00000000000 0.00000000000 0.00000000000 0.00000000000
 0.00000000000 0.00000000000 0.00000000000 0.00000000000
 0.00000000000 0.00000000000 0.00000000000 0.00000000000
 0.00000000000 0.00000000000 0.00000000000 0.00000000000
 0.00000000000 0.00000000000 0.00000000000 0.00000000000
# log_sel_spl_fsh[3]:
 0.00000000000 0.00000000000 0.00000000000 0.00000000000
 0.00000000000 0.00000000000 0.00000000000 0.00000000000
 0.00000000000 0.00000000000 0.00000000000 0.00000000000
 0.00000000000 0.00000000000 0.00000000000 0.00000000000
 0.00000000000 0.00000000000 0.00000000000 0.00000000000
# log_sel_spl_fsh[4]:
 0.00000000000 0.00000000000 0.00000000000 0.00000000000
 0.00000000000 0.00000000000 0.00000000000 0.00000000000
 0.00000000000 0.00000000000 0.00000000000 0.00000000000
 0.00000000000 0.00000000000 0.00000000000 0.00000000000
 0.00000000000 0.00000000000 0.00000000000 0.00000000000
 0.00000000000 0.00000000000 0.00000000000 0.00000000000
 0.00000000000 0.00000000000 0.00000000000 0.00000000000
 0.00000000000 0.00000000000 0.00000000000 0.00000000000
 0.00000000000 0.00000000000 0.00000000000 0.00000000000
 0.00000000000 0.00000000000 0.00000000000 0.00000000000
 0.00000000000 0.00000000000 0.00000000000 0.00000000000
 0.00000000000 0.00000000000 0.00000000000 0.00000000000
 0.00000000000 0.00000000000 0.00000000000 0.00000000000
 0.00000000000 0.00000000000 0.00000000000 0.00000000000
 0.00000000000 0.00000000000 0.00000000000 0.00000000000
 0.00000000000 0.00000000000 0.00000000000 0.00000000000
 0.00000000000 0.00000000000 0.00000000000 0.00000000000
 0.00000000000 0.00000000000 0.00000000000 0.00000000000
 0.00000000000 0.00000000000 0.00000000000 0.00000000000
 0.00000000000 0.00000000000 0.00000000000 0.00000000000
 0.00000000000 0.00000000000 0.00000000000 0.00000000000
 0.00000000000 0.00000000000 0.00000000000 0.00000000000
 0.00000000000 0.00000000000 0.00000000000 0.00000000000
 0.00000000000 0.00000000000 0.00000000000 0.00000000000
 0.00000000000 0.00000000000 0.00000000000 0.00000000000
 0.00000000000 0.00000000000 0.00000000000 0.00000000000
 0.00000000000 0.00000000000 0.00000000000 0.00000000000
 0.00000000000 0.00000000000 0.00000000000 0.00000000000
 0.00000000000 0.00000000000 0.00000000000 0.00000000000
 0.00000000000 0.00000000000 0.00000000000 0.00000000000
 0.00000000000 0.00000000000 0.00000000000 0.00000000000
 0.00000000000 0.00000000000 0.00000000000 0.00000000000
 0.00000000000 0.00000000000 0.00000000000 0.00000000000
 0.00000000000 0.00000000000 0.00000000000 0.00000000000
 0.00000000000 0.00000000000 0.00000000000 0.00000000000
 0.00000000000 0.00000000000 0.00000000000 0.00000000000
 0.00000000000 0.00000000000 0.00000000000 0.00000000000
 0.00000000000 0.00000000000 0.00000000000 0.00000000000
# logsel_slope_fsh[1]:
 0.00000000000 0.00000000000 0.00000000000 0.00000000000 0.00000000000 0.00000000000 0.00000000000 0.00000000000 0.00000000000 0.00000000000 0.00000000000 0.00000000000 0.00000000000 0.00000000000 0.00000000000 0.00000000000 0.00000000000 0.00000000000 0.00000000000 0.00000000000 0.00000000000 0.00000000000 0.00000000000 0.00000000000 0.00000000000 0.00000000000 0.00000000000 0.00000000000 0.00000000000 0.00000000000 0.00000000000 0.00000000000 0.00000000000 0.00000000000 0.00000000000 0.00000000000 0.00000000000 0.00000000000 0.00000000000 0.00000000000 0.00000000000 0.00000000000 0.00000000000 0.00000000000
# logsel_slope_fsh[2]:
 0.00000000000 0.00000000000 0.00000000000 0.00000000000 0.00000000000 0.00000000000 0.00000000000 0.00000000000 0.00000000000 0.00000000000 0.00000000000 0.00000000000 0.00000000000 0.00000000000 0.00000000000 0.00000000000 0.00000000000 0.00000000000 0.00000000000 0.00000000000 0.00000000000 0.00000000000 0.00000000000 0.00000000000 0.00000000000 0.00000000000 0.00000000000 0.00000000000 0.00000000000 0.00000000000 0.00000000000 0.00000000000 0.00000000000 0.00000000000 0.00000000000 0.00000000000 0.00000000000 0.00000000000 0.00000000000 0.00000000000 0.00000000000 0.00000000000 0.00000000000 0.00000000000
# logsel_slope_fsh[3]:
 0.00000000000 0.00000000000 0.00000000000 0.00000000000 0.00000000000
# logsel_slope_fsh[4]:
 0.00000000000 0.00000000000 0.00000000000 0.00000000000 0.00000000000 0.00000000000 0.00000000000 0.00000000000 0.00000000000 0.00000000000 0.00000000000 0.00000000000 0.00000000000 0.00000000000 0.00000000000 0.00000000000 0.00000000000 0.00000000000 0.00000000000 0.00000000000 0.00000000000 0.00000000000 0.00000000000 0.00000000000 0.00000000000 0.00000000000 0.00000000000 0.00000000000 0.00000000000 0.00000000000 0.00000000000 0.00000000000 0.00000000000 0.00000000000 0.00000000000 0.00000000000 0.00000000000 0.00000000000
# sel50_fsh[1]:
 0.00000000000 0.00000000000 0.00000000000 0.00000000000 0.00000000000 0.00000000000 0.00000000000 0.00000000000 0.00000000000 0.00000000000 0.00000000000 0.00000000000 0.00000000000 0.00000000000 0.00000000000 0.00000000000 0.00000000000 0.00000000000 0.00000000000 0.00000000000 0.00000000000 0.00000000000 0.00000000000 0.00000000000 0.00000000000 0.00000000000 0.00000000000 0.00000000000 0.00000000000 0.00000000000 0.00000000000 0.00000000000 0.00000000000 0.00000000000 0.00000000000 0.00000000000 0.00000000000 0.00000000000 0.00000000000 0.00000000000 0.00000000000 0.00000000000 0.00000000000 0.00000000000
# sel50_fsh[2]:
 0.00000000000 0.00000000000 0.00000000000 0.00000000000 0.00000000000 0.00000000000 0.00000000000 0.00000000000 0.00000000000 0.00000000000 0.00000000000 0.00000000000 0.00000000000 0.00000000000 0.00000000000 0.00000000000 0.00000000000 0.00000000000 0.00000000000 0.00000000000 0.00000000000 0.00000000000 0.00000000000 0.00000000000 0.00000000000 0.00000000000 0.00000000000 0.00000000000 0.00000000000 0.00000000000 0.00000000000 0.00000000000 0.00000000000 0.00000000000 0.00000000000 0.00000000000 0.00000000000 0.00000000000 0.00000000000 0.00000000000 0.00000000000 0.00000000000 0.00000000000 0.00000000000
# sel50_fsh[3]:
 0.00000000000 0.00000000000 0.00000000000 0.00000000000 0.00000000000
# sel50_fsh[4]:
 0.00000000000 0.00000000000 0.00000000000 0.00000000000 0.00000000000 0.00000000000 0.00000000000 0.00000000000 0.00000000000 0.00000000000 0.00000000000 0.00000000000 0.00000000000 0.00000000000 0.00000000000 0.00000000000 0.00000000000 0.00000000000 0.00000000000 0.00000000000 0.00000000000 0.00000000000 0.00000000000 0.00000000000 0.00000000000 0.00000000000 0.00000000000 0.00000000000 0.00000000000 0.00000000000 0.00000000000 0.00000000000 0.00000000000 0.00000000000 0.00000000000 0.00000000000 0.00000000000 0.00000000000
# logsel_p1_fsh[1]:
 0.00000000000 0.00000000000 0.00000000000 0.00000000000 0.00000000000 0.00000000000 0.00000000000 0.00000000000 0.00000000000 0.00000000000 0.00000000000 0.00000000000 0.00000000000 0.00000000000 0.00000000000 0.00000000000 0.00000000000 0.00000000000 0.00000000000 0.00000000000 0.00000000000 0.00000000000 0.00000000000 0.00000000000 0.00000000000 0.00000000000 0.00000000000 0.00000000000 0.00000000000 0.00000000000 0.00000000000 0.00000000000 0.00000000000 0.00000000000 0.00000000000 0.00000000000 0.00000000000 0.00000000000 0.00000000000 0.00000000000 0.00000000000 0.00000000000 0.00000000000 0.00000000000
# logsel_p1_fsh[2]:
 0.00000000000 0.00000000000 0.00000000000 0.00000000000 0.00000000000 0.00000000000 0.00000000000 0.00000000000 0.00000000000 0.00000000000 0.00000000000 0.00000000000 0.00000000000 0.00000000000 0.00000000000 0.00000000000 0.00000000000 0.00000000000 0.00000000000 0.00000000000 0.00000000000 0.00000000000 0.00000000000 0.00000000000 0.00000000000 0.00000000000 0.00000000000 0.00000000000 0.00000000000 0.00000000000 0.00000000000 0.00000000000 0.00000000000 0.00000000000 0.00000000000 0.00000000000 0.00000000000 0.00000000000 0.00000000000 0.00000000000 0.00000000000 0.00000000000 0.00000000000 0.00000000000
# logsel_p1_fsh[3]:
 0.00000000000 0.00000000000 0.00000000000 0.00000000000 0.00000000000
# logsel_p1_fsh[4]:
 0.00000000000 0.00000000000 0.00000000000 0.00000000000 0.00000000000 0.00000000000 0.00000000000 0.00000000000 0.00000000000 0.00000000000 0.00000000000 0.00000000000 0.00000000000 0.00000000000 0.00000000000 0.00000000000 0.00000000000 0.00000000000 0.00000000000 0.00000000000 0.00000000000 0.00000000000 0.00000000000 0.00000000000 0.00000000000 0.00000000000 0.00000000000 0.00000000000 0.00000000000 0.00000000000 0.00000000000 0.00000000000 0.00000000000 0.00000000000 0.00000000000 0.00000000000 0.00000000000 0.00000000000
# logsel_p2_fsh[1]:
 0.00000000000 0.00000000000 0.00000000000 0.00000000000 0.00000000000 0.00000000000 0.00000000000 0.00000000000 0.00000000000 0.00000000000 0.00000000000 0.00000000000 0.00000000000 0.00000000000 0.00000000000 0.00000000000 0.00000000000 0.00000000000 0.00000000000 0.00000000000 0.00000000000 0.00000000000 0.00000000000 0.00000000000 0.00000000000 0.00000000000 0.00000000000 0.00000000000 0.00000000000 0.00000000000 0.00000000000 0.00000000000 0.00000000000 0.00000000000 0.00000000000 0.00000000000 0.00000000000 0.00000000000 0.00000000000 0.00000000000 0.00000000000 0.00000000000 0.00000000000 0.00000000000
# logsel_p2_fsh[2]:
 0.00000000000 0.00000000000 0.00000000000 0.00000000000 0.00000000000 0.00000000000 0.00000000000 0.00000000000 0.00000000000 0.00000000000 0.00000000000 0.00000000000 0.00000000000 0.00000000000 0.00000000000 0.00000000000 0.00000000000 0.00000000000 0.00000000000 0.00000000000 0.00000000000 0.00000000000 0.00000000000 0.00000000000 0.00000000000 0.00000000000 0.00000000000 0.00000000000 0.00000000000 0.00000000000 0.00000000000 0.00000000000 0.00000000000 0.00000000000 0.00000000000 0.00000000000 0.00000000000 0.00000000000 0.00000000000 0.00000000000 0.00000000000 0.00000000000 0.00000000000 0.00000000000
# logsel_p2_fsh[3]:
 0.00000000000 0.00000000000 0.00000000000 0.00000000000 0.00000000000
# logsel_p2_fsh[4]:
 0.00000000000 0.00000000000 0.00000000000 0.00000000000 0.00000000000 0.00000000000 0.00000000000 0.00000000000 0.00000000000 0.00000000000 0.00000000000 0.00000000000 0.00000000000 0.00000000000 0.00000000000 0.00000000000 0.00000000000 0.00000000000 0.00000000000 0.00000000000 0.00000000000 0.00000000000 0.00000000000 0.00000000000 0.00000000000 0.00000000000 0.00000000000 0.00000000000 0.00000000000 0.00000000000 0.00000000000 0.00000000000 0.00000000000 0.00000000000 0.00000000000 0.00000000000 0.00000000000 0.00000000000
# logsel_p3_fsh[1]:
 0.00000000000 0.00000000000 0.00000000000 0.00000000000 0.00000000000 0.00000000000 0.00000000000 0.00000000000 0.00000000000 0.00000000000 0.00000000000 0.00000000000 0.00000000000 0.00000000000 0.00000000000 0.00000000000 0.00000000000 0.00000000000 0.00000000000 0.00000000000 0.00000000000 0.00000000000 0.00000000000 0.00000000000 0.00000000000 0.00000000000 0.00000000000 0.00000000000 0.00000000000 0.00000000000 0.00000000000 0.00000000000 0.00000000000 0.00000000000 0.00000000000 0.00000000000 0.00000000000 0.00000000000 0.00000000000 0.00000000000 0.00000000000 0.00000000000 0.00000000000 0.00000000000
# logsel_p3_fsh[2]:
 0.00000000000 0.00000000000 0.00000000000 0.00000000000 0.00000000000 0.00000000000 0.00000000000 0.00000000000 0.00000000000 0.00000000000 0.00000000000 0.00000000000 0.00000000000 0.00000000000 0.00000000000 0.00000000000 0.00000000000 0.00000000000 0.00000000000 0.00000000000 0.00000000000 0.00000000000 0.00000000000 0.00000000000 0.00000000000 0.00000000000 0.00000000000 0.00000000000 0.00000000000 0.00000000000 0.00000000000 0.00000000000 0.00000000000 0.00000000000 0.00000000000 0.00000000000 0.00000000000 0.00000000000 0.00000000000 0.00000000000 0.00000000000 0.00000000000 0.00000000000 0.00000000000
# logsel_p3_fsh[3]:
 0.00000000000 0.00000000000 0.00000000000 0.00000000000 0.00000000000
# logsel_p3_fsh[4]:
 0.00000000000 0.00000000000 0.00000000000 0.00000000000 0.00000000000 0.00000000000 0.00000000000 0.00000000000 0.00000000000 0.00000000000 0.00000000000 0.00000000000 0.00000000000 0.00000000000 0.00000000000 0.00000000000 0.00000000000 0.00000000000 0.00000000000 0.00000000000 0.00000000000 0.00000000000 0.00000000000 0.00000000000 0.00000000000 0.00000000000 0.00000000000 0.00000000000 0.00000000000 0.00000000000 0.00000000000 0.00000000000 0.00000000000 0.00000000000 0.00000000000 0.00000000000 0.00000000000 0.00000000000
# rec_dev_future:
 0.00000000000 0.00000000000 0.00000000000 0.00000000000 0.00000000000 0.00000000000 0.00000000000 0.00000000000 0.00000000000 0.00000000000
 0.00000000000 0.00000000000 0.00000000000 0.00000000000 0.00000000000 0.00000000000 0.00000000000 0.00000000000 0.00000000000 0.00000000000
# log_q_ind[1]:
0.871609272955
# log_q_ind[2]:
-1.45943498760
# log_q_ind[3]:
-2.57718311353
# log_q_ind[4]:
-9.97727075551
# log_q_ind[5]:
-9.81282361945
# log_q_ind[6]:
-0.918046317805
# log_q_power_ind[1]:
0.00000000000
# log_q_power_ind[2]:
0.00000000000
# log_q_power_ind[3]:
0.00000000000
# log_q_power_ind[4]:
0.00000000000
# log_q_power_ind[5]:
0.00000000000
# log_q_power_ind[6]:
0.00000000000
# log_rw_q_ind[1]:
 -1.02458980234
# log_rw_q_ind[6]:
 -0.214855183895
# log_selcoffs_ind[1]:
 -2.38376200943 -1.57287191176 -0.965296574357 -0.524473911235 -0.208716191431 0.0501167020779 0.279541044198 0.479410965171 0.631232198418 0.716385611851
 -2.92573678220 -2.16577268567 -1.44052829763 -0.814091402046 -0.334571560096 0.0252249848242 0.305588874404 0.545076309901 0.725616437266 0.816475072619
# log_selcoffs_ind[2]:
 -0.339936133724 -0.390534434744 -0.683262094523 -0.984208880467 -1.07681145943 -0.880577960105 -0.434242477986 0.168462348422 0.753601114340 1.10581558394
 0.175290745662 -0.251116221945 -0.520463123003 -0.644824038950 -0.625822345737 -0.460273669923 -0.165247419378 0.194616097739 0.515935183271 0.697044547154
 0.547749648428 0.179974058666 -0.0258283281720 -0.123438507568 -0.225769944053 -0.298906286133 -0.290440624183 -0.195465674911 -0.0308138285329 0.127078581679
# log_selcoffs_ind[3]:
 -0.202940821038 0.0202027052767 0.0202027052767 0.0202027052767 0.0202027052767 0.0202027052767 0.0202027052767 0.0202027052767 0.0202027052767 0.0202027052767
# log_selcoffs_ind[4]:
 -3.04452005677 -0.669616569639 0.101782682789 0.174353368097 0.174353368097 0.174353368097 0.174353368097 0.174353368097 0.174353368097 0.174353368097
# log_selcoffs_ind[5]:
 -3.04452005677 -0.669616569639 0.101782682789 0.174353368097 0.174353368097 0.174353368097 0.174353368097 0.174353368097 0.174353368097 0.174353368097
# log_selcoffs_ind[6]:
 -3.04452005677 -0.669616569639 0.101782682789 0.174353368097 0.174353368097 0.174353368097 0.174353368097 0.174353368097 0.174353368097 0.174353368097
# logsel_slope_ind[1]:
 0.00000000000 0.00000000000
# logsel_slope_ind[2]:
 0.00000000000 0.00000000000 0.00000000000
# logsel_slope_ind[3]:
 0.00000000000
# logsel_slope_ind[4]:
 0.00000000000
# logsel_slope_ind[5]:
 0.00000000000
# logsel_slope_ind[6]:
 0.00000000000
# sel50_ind[1]:
 0.00000000000 0.00000000000
# sel50_ind[2]:
 0.00000000000 0.00000000000 0.00000000000
# sel50_ind[3]:
 0.00000000000
# sel50_ind[4]:
 0.00000000000
# sel50_ind[5]:
 0.00000000000
# sel50_ind[6]:
 0.00000000000
# logsel_p1_ind[1]:
 0.00000000000 0.00000000000
# logsel_p1_ind[2]:
 0.00000000000 0.00000000000 0.00000000000
# logsel_p1_ind[3]:
 0.00000000000
# logsel_p1_ind[4]:
 0.00000000000
# logsel_p1_ind[5]:
 0.00000000000
# logsel_p1_ind[6]:
 0.00000000000
# sel_p2_ind[1]:
 0.00000000000 0.00000000000
# sel_p2_ind[2]:
 0.00000000000 0.00000000000 0.00000000000
# sel_p2_ind[3]:
 0.00000000000
# sel_p2_ind[4]:
 0.00000000000
# sel_p2_ind[5]:
 0.00000000000
# sel_p2_ind[6]:
 0.00000000000
# logsel_p3_ind[1]:
 0.00000000000 0.00000000000
# logsel_p3_ind[2]:
 0.00000000000 0.00000000000 0.00000000000
# logsel_p3_ind[3]:
 0.00000000000
# logsel_p3_ind[4]:
 0.00000000000
# logsel_p3_ind[5]:
 0.00000000000
# logsel_p3_ind[6]:
 0.00000000000
