# Number of parameters = 1593 Objective function value = 1383.43255593363  Maximum gradient component = 0.000380671849785060
# Mest[1]:
0.280000000000
# log_Linf[1]:
4.29810139974
# log_k[1]:
-1.83258146375
# log_Lo[1]:
2.60712428251
# log_sdage[1]:
-2.40794560865
# mean_log_rec[1]:
9.25604520495
# steepness[1]:
0.650000000000
# log_Rzero[1]:
9.25889049172
# rec_dev:
 -0.0804700103153 -0.103789010276 -0.132742538120 -0.168366613493 -0.211019540074 -0.261959974312 -0.313828055946 -0.374859064281 -0.434335018806 -0.482879873075 -0.539617196714 -0.753067722244 -0.500928523012 -0.259812559988 -0.608928113090 -0.802057624363 -0.169284866267 0.135169061681 0.180199692722 0.422770806838 0.418538785798 0.424086448622 0.476313090586 0.593896810938 0.969321773679 0.724428474331 0.852793385593 1.69426831956 1.68623306959 0.823689184031 0.328685752837 0.443749186911 0.605551577142 0.820405356623 0.354078811065 0.267065275613 0.534363098009 0.229107798031 0.445775313698 0.507909502540 0.709219079730 0.881359765608 0.474128596670 0.604371520248 -0.137185561610 -0.0746590325446 0.246971839663 -0.294915906873 -1.41627239664 -0.699905811613 -0.284027042732 -0.807511668488 -1.13828572444 -1.09819039914 -1.09443259813 -0.717113661516 -0.754486906989 -0.435277782173 -0.0746650493655 0.149559781439 -0.0635621997846 -0.259055951638 0.0255512291784 -0.462023464268 -0.711770365958 -0.234368557547 0.303157127433 -0.652757881931
# log_sigmar[1]:
-0.510825623766
# fmort:
 -4.63643132670 -4.22041303612 -4.95375246939 -4.63951651729 -3.89073717238 -3.62021241579 -3.39504390281 -3.47932621795 -2.82651934654 -2.97909462038 -3.32886872624 -2.94543142881 -2.20541734962 -3.14931281753 -2.31529607068 -2.87271539010 -5.24746314488 -3.92591907219 -4.29912693930 -4.39087704681 -4.42265646465 -4.03915065965 -3.91315371390 -3.72023009303 -4.16038404833 -3.86475097303 -3.48050699236 -4.37540063141 -5.50081297347 -4.93345469570 -4.61277425210 -3.89682967254 -4.71550667048 -4.24792659067 -4.08067791179 -3.78138401274 -3.81027950983 -3.32032081059 -2.65469234998 -2.84500320977 -2.48947006767 -4.00026987626 -4.83196731016 -4.23958362238 -4.09791692527 -3.69678405165 -3.96729998655 -3.47078125485 -4.55234350913 -4.75574183643 -3.50627558589 -3.43327383950 -3.51458693618 -3.61479188980 -3.21975889381 -2.66854127006 -3.06924373723
 -7.02251710857 -6.57946444617 -6.11384746934 -5.55928168460 -5.84322189702 -5.18305088109 -4.69538704921 -4.41952646226 -4.01143855789 -3.83073106415 -3.69891364723 -2.93047113941 -2.68340949772 -2.96110459744 -2.61095850375 -2.27355049975 -2.15203846740 -1.87802595351 -1.83336314887 -1.75791554534 -1.73500734069 -1.33560577292 -0.891670688670 -0.775612989745 -0.393938707220 0.177316008674 0.478131206893 0.732032693169 0.365112404352 0.0144920629490 -0.321996564213 -0.113631036106 -0.0405078836608 -0.240247894930 -0.353023763169 -0.266265222136 -0.354373209176 -0.268960822647 -0.630507357589 -0.565137601277 -1.16924549925 -1.20796181760 -1.18813578248 -1.24296942498 -1.18295222279 -1.07760048876 -1.02949536404 -0.992358507003 -0.857398237420 -0.977428939984 -0.820642453963 -0.675372422838 -0.586867130088 -0.495448644638 -0.0295089610978 -0.0950737891098 -0.536026409072
 -8.33779986674 -7.61422771858 -6.69205653726 -5.88403973781 -4.83319600257 -5.92779902489 -5.44427853893 -3.25351411371 -3.69811609494 -3.91953156367 -3.72706234017 -3.64358793527 -4.69648690273 -4.86523273359 -4.54284427175 -5.29804428574 -6.03569990324 -6.25790579019 -5.24418540494 -5.06902091970 -4.30960692883 -4.41597259534 -5.07568523477 -5.00675668903 -4.54202758680 -3.13471309103 -2.79957822918 -2.32750297072 -2.38600655689 -3.10331166057 -3.05448841420 -2.18983339641 -3.95309674974 -3.60102245994 -3.62204014109 -4.18453994219 -2.98147486919 -2.93432578260 -2.80728606404 -3.01014807130 -4.77574700151 -2.39320680664 -2.84325473789 -3.56690736755 -3.75089179906 -5.04553649868 -5.66244683964 -6.34355609281 -4.77926174593 -4.21699476376 -4.22173418982 -4.38955172401 -4.24402808818 -3.84375446327 -3.85956435353 -3.84965060137 -4.26766638365
 -9.53740332568 -9.48682547346 -7.72828428290 -9.37742085145 -9.31215364866 -9.24361435388 -9.13961493850 -8.28757341256 -5.08966403544 -3.01384543055 -3.01660277193 -2.69911480691 -2.07788102290 -1.79553506981 -1.57368149196 -1.85458626559 -2.02484594568 -2.28552412400 -2.52760782066 -2.71764345251 -2.86443839848 -3.36833357667 -5.90756645445 -9.38668604665 -9.18140695785 -8.87194511019 -8.46906784770 -8.09891751951 -7.93877812027 -8.09087236582 -7.67513333115 -5.75240660723 -4.61335397681 -3.97420782672 -3.27569250948 -3.39560653742 -2.92562415537 -2.51255330845 -2.25250178529 -1.99720733295 -2.08109524717 -3.24086369101 -3.56706008252 -3.59745277166 -3.21492804895 -3.04552279689 -3.52866652730 -3.60002228280 -3.60976096325 -3.77271618947 -6.24129206095 -4.05019890580 -3.90455684350 -3.57299802441 -4.51786049900 -4.19651506557 -3.75208927699
# log_selcoffs_fsh[1]:
 -3.51582750146 -1.91716245065 -0.928945810079 0.0459809724722 0.835105727315 0.943667791738 0.334410745041 -0.382647241903 -0.849536801456
 -3.09144747902 -1.44262676586 -0.771856188115 -0.0161129206144 0.719774266694 0.886521238712 0.397464689754 -0.236681492016 -0.665231514095
 -2.79761531779 -1.32192406095 -0.519218723077 0.211178670700 0.698679822188 0.710776949750 0.323291524623 -0.183006016223 -0.542650830920
 -2.44193073833 -1.14272366147 -0.496118761337 0.0925803248507 0.737481231602 0.707776017309 0.275168933200 -0.184654287743 -0.478218037570
 -1.85024364413 -0.303242795908 0.00507528968421 0.230828365617 0.422103368169 0.425956613304 0.187427807461 -0.128353210122 -0.359903592211
 -1.74060773882 -0.545465643325 0.438909247261 0.648760071304 0.288470662174 0.0921941099045 -0.0774207259877 -0.268816511381 -0.415385245645
 -1.45299485888 -0.400876692512 0.488616615216 0.732937778832 0.294704400054 -0.0489479677792 -0.248760914541 -0.381217249018 -0.466175451153
 -1.03304951141 -0.216491797063 0.554664709161 0.754854262481 0.205826218217 -0.169805468916 -0.380424512591 -0.480102422960 -0.518483676735
 -0.752937160880 0.242526214017 0.447818679250 0.572378262671 0.272370662770 -0.190229758016 -0.458605428720 -0.552392955404 -0.562813943470
 -0.581916786994 0.386303314104 0.565286478120 0.546977953654 0.128460347713 -0.324721102397 -0.577423721933 -0.641515974674 -0.627309598788
 -0.103947985835 0.876928641344 0.463524578812 0.182489496192 -0.203587089345 -0.514248497056 -0.687708242009 -0.720766863222 -0.688163510849
 0.101926448931 0.795677191840 0.611779442201 0.178839432211 -0.354934727168 -0.636031321314 -0.760413269933 -0.777463524580 -0.734871970932
 -0.255077921812 1.08997453083 0.656733797758 -0.0232770280400 -0.542209344863 -0.774631723353 -0.851499297419 -0.845869262975 -0.804802781017
 0.150596642975 0.998823918891 0.644930635557 -0.0437005634068 -0.606824734582 -0.826155031437 -0.882506051648 -0.862156241046 -0.819874793078
 0.0707440313646 1.14599295278 0.537312610752 -0.116248048038 -0.646521473951 -0.865861052454 -0.919624693227 -0.894025510700 -0.850395271495
 -0.392292408518 1.17471673029 0.715459405156 -0.0743791394316 -0.669976668477 -0.899605176528 -0.955400534190 -0.926529888721 -0.879987816815
 -0.298350182194 1.22187856172 0.636791988442 -0.104872434475 -0.695482031349 -0.923517198075 -0.976212622960 -0.941700759638 -0.889398283081
 0.304436480414 1.02224157298 0.657997018123 -0.137987690529 -0.721573528243 -0.938712841908 -0.981538007503 -0.934468033447 -0.872168418341
 0.783746827046 0.972445053298 0.359267654994 -0.290878034263 -0.796096266379 -0.989270170855 -1.01740809999 -0.952422281447 -0.877601239308
 0.414912174612 1.17571663246 0.481527282057 -0.326081268289 -0.873670342354 -1.05600996665 -1.06110534609 -0.970557972401 -0.879947903752
 0.549605440361 1.21361216942 0.364852390775 -0.449192208927 -0.969177818911 -1.12952323588 -1.10617498733 -0.985466291765 -0.875396694503
 0.321042089669 1.30123045761 0.472580913691 -0.513086490811 -1.07457225156 -1.21171338296 -1.15199725823 -0.997726943770 -0.865132461054
 0.493240592637 1.19838050167 0.505637068616 -0.460987404011 -1.07757254370 -1.23631927927 -1.16386504840 -0.979543006821 -0.820282546404
 0.333702728761 1.30012553185 0.427582480303 -0.486621709378 -1.07247689452 -1.23773229152 -1.16483756044 -0.961051168485 -0.778260255057
 0.599300461641 1.19422408373 0.325584427593 -0.488367699845 -1.03507378559 -1.20525658357 -1.12908916470 -0.905404159551 -0.698820368016
 0.645326166802 1.09930726498 0.331115327668 -0.392578417441 -0.994621417256 -1.16821783066 -1.06342855459 -0.814508863632 -0.589578167804
 -0.0503100698982 1.20993575669 0.501143082808 -0.250480090376 -0.901756372703 -1.07523299006 -0.954266806341 -0.687387028924 -0.459332368696
 0.163476462602 1.02361034654 0.481010922092 -0.285872044911 -0.803844959803 -0.927429164699 -0.778623973885 -0.502503127446 -0.270649309186
 1.00870705367 0.555888356585 -0.0620193698302 -0.546184413674 -0.829094820402 -0.838465591343 -0.635872813566 -0.343456772517 -0.118972355331
 0.532740165682 0.880310367068 -0.0598029770481 -0.698056498040 -0.854585098660 -0.740514680394 -0.474739767182 -0.161033717967 0.0673017201830
 0.306248360722 0.822202402077 -0.180354532725 -0.728387642605 -0.806813150583 -0.625560809269 -0.307084518375 0.0294061400622 0.263780895800
 0.188640917430 0.447969046075 -0.269469763683 -0.651221118761 -0.665141510763 -0.462157381712 -0.115282430395 0.243593849811 0.489196299215
 -0.705683089753 0.140254679161 -0.229614946251 -0.470283286535 -0.410917314317 -0.254261673629 0.0644194675983 0.406915865063 0.656871667204
 -1.21852096178 -0.552220180379 -0.572782310241 -0.405051841253 -0.181411296520 -0.0494173702459 0.292981249925 0.514981892653 0.740919776592
 -0.859422915558 -0.369789094955 -0.863929104341 -0.845764517554 -0.509798227391 -0.146562285042 0.263327530508 0.618651398720 0.880877960184
 -0.280033026007 -1.25610928923 -1.37885222614 -1.05292013048 -0.601264114646 -0.153001590534 0.296843459944 0.692867907478 0.958354910627
 -1.54012214593 -1.63684200283 -1.52631379694 -0.983734688848 -0.448457246829 -0.0522035285514 0.404216633358 0.774551217377 1.00952942276
 -2.35100569307 -1.84846976427 -1.56127247300 -1.01809926866 -0.457397098387 0.00972517381933 0.401682127794 0.786604617339 1.04490683764
 -2.59771146976 -2.50798036027 -2.13704082734 -1.40314526676 -0.559213273764 0.0940700529641 0.561274091725 0.855933286364 0.994557635911
 -3.05916366452 -2.88219853470 -2.38784898318 -1.54251524311 -0.636318353113 0.121454243541 0.612819751628 0.866081380198 0.996879631245
 -3.21907907431 -2.92738922422 -2.32310709485 -1.54328346981 -0.734453530282 -0.0490232629925 0.487939388108 0.904735416923 1.11928499076
 -3.64909792153 -2.97283157001 -2.15086489787 -1.44415392666 -0.763687428831 -0.137856977846 0.384869353253 0.884560707292 1.20656562283
 -3.89908018399 -3.06385612877 -2.18255995450 -1.45999965628 -0.814111900372 -0.200770007076 0.371489865414 0.891254243961 1.23513165577
 -3.91774386518 -3.08615517451 -2.24830296660 -1.49042319675 -0.815391680961 -0.211955879918 0.386709692373 0.912013391805 1.22102347383
# log_selcoffs_fsh[2]:
 -2.06783094555 -0.187120249109 0.569556903335 0.881482709610 0.569625560447 0.00744166652675 -0.399646473978 -0.655775383173 -0.777733815973 -0.825266415222
 -1.99407854728 -0.120195730668 -0.165180821487 0.382552518911 0.759196086896 0.561444184674 0.0243955916472 -0.409702922807 -0.593297030554 -0.630086283889
 -2.50769879898 -0.681056743147 -0.235581150435 0.257702085506 0.736742350008 0.690995037531 0.195306034509 -0.260883618852 -0.450100898025 -0.478098044177
 -2.88306598737 -1.28468550563 -0.377300956137 0.131882207035 0.681397953565 0.779736873440 0.276264433243 -0.129173252121 -0.288742460944 -0.305363536524
 -2.48557064827 -0.912552873573 -0.813878418098 -0.314592062214 0.430537573854 0.748784315346 0.432883901323 0.131883421735 0.0102525222254 -0.00349506292164
 -2.00124163025 -0.884839128479 -0.620166922216 -0.516691702942 -0.0174877883379 0.387354027444 0.463828766093 0.395081280865 0.339768029979 0.324028660161
 -2.65718619188 -1.34963611736 -0.470657471810 -0.282235598866 -0.173817063649 0.122607658912 0.380465509141 0.488789115311 0.488813209282 0.468286419037
 -3.22988655380 -2.19317574342 -1.34729039452 -0.612482377931 -0.0105377904083 0.337777565979 0.550677815393 0.535580904306 0.496883587233 0.450516733359
 -3.54482698590 -2.48667927490 -1.84342091436 -1.13169238195 -0.345028731663 0.216460418664 0.583905110155 0.736520132132 0.658919996904 0.496474742483
 -3.72322759808 -2.43364397589 -1.71610483691 -1.25050331416 -0.808153702830 -0.217968512302 0.364240751554 0.866222370882 0.917465382348 0.616212460720
 -3.70131423290 -2.11762424926 -1.31953701653 -0.901617455139 -0.606151527996 -0.369143220423 0.0979381481750 0.704742902127 0.944962825223 0.809199416730
 -3.77147308439 -2.19438460026 -1.29338661118 -0.835214236429 -0.520102209476 -0.240750882526 0.268027980614 0.624996852373 0.814765148441 0.851290041628
 -3.65779466134 -1.68899268178 -1.01712629251 -0.627652642311 -0.412131169459 -0.349354226545 0.0461613506334 0.446970390615 0.789839617426 0.997979006797
 -3.35809306294 -1.67923965717 -0.786754161792 -0.528690816396 -0.489076513913 -0.390271559559 -0.0810072524367 0.336730494642 0.783985949203 1.07540761356
 -3.12209373599 -0.997554603199 -0.795923848035 -0.665113318237 -0.739809253296 -0.604715009702 -0.197053318874 0.304018318045 0.820936167989 1.14717176496
 -2.93507692473 -0.810975599187 -0.710785388615 -0.796980940184 -0.870040915530 -0.699113773743 -0.259493479299 0.273621516658 0.821109806231 1.18947707064
 -2.64937644006 -0.996044253900 -0.821719007564 -0.818416399365 -0.954105087193 -0.824275915406 -0.393264851065 0.210267222193 0.848364491782 1.28392153827
 -2.93915239735 -1.12630016463 -0.776166789173 -0.798042321555 -0.933937206731 -0.843227062458 -0.426303400618 0.178037839744 0.833426720392 1.31913381601
 -3.05189534825 -1.41118419265 -0.901795638500 -0.866693869951 -0.959055328356 -0.805239489645 -0.379868758002 0.213790514727 0.846190153282 1.33484235947
 -3.15602861341 -1.51603713066 -1.24895779900 -0.964034008129 -0.960766797933 -0.787047341138 -0.331739949212 0.267404251621 0.883302170854 1.33204071087
 -3.12953469688 -1.57718247947 -1.05052291642 -0.841290380816 -0.906372212649 -0.822693833855 -0.388336447107 0.238364547872 0.870064631942 1.33266729850
 -3.37227955409 -1.45443288124 -0.942232345636 -0.608454182173 -0.704648897141 -0.715457344543 -0.375020022960 0.172482670502 0.799472712410 1.31239556236
 -3.68108792357 -2.11124881338 -1.03154360003 -0.560542023242 -0.503010639060 -0.604030897936 -0.383176473686 0.0754696522513 0.725857493898 1.37332696325
 -3.75418637410 -2.47665604403 -1.41058224864 -0.640146317505 -0.224367509740 -0.235908257746 -0.0715104095112 0.226039338814 0.697316823850 1.20582033320
 -3.67828792946 -2.20652601491 -1.41115985881 -0.905926132756 -0.371946004864 -0.0170256989469 0.168079454007 0.420394944517 0.687701649343 1.04710208851
 -3.69846005941 -2.31611806801 -1.44763080283 -0.579511723333 -0.101001944903 0.157245226833 0.347430066446 0.551212879837 0.663692544318 0.649372193665
 -3.83209300227 -1.84074631499 -1.05511845316 -0.0954313910427 0.293829073435 0.362138997155 0.397684960471 0.494802662543 0.377492662665 0.180135336479
 -3.94991617072 -1.55533368983 -0.638818567219 -0.0124977554867 0.472818392566 0.492770317694 0.554129106980 0.321149785519 0.0439090408732 -0.163990202671
 -4.05588284180 -2.46234362191 -1.51991447702 -0.0888997822002 0.418488363358 0.464757008174 0.606570501596 0.322393858181 0.220361861987 0.175129337011
 -4.18993442898 -2.44061656870 -1.20731681606 -0.425556839728 0.450189564149 0.456641598678 0.335141114186 0.252666411895 0.369883574784 0.509711849928
 -4.00676364988 -1.97508808757 -0.737453028131 -0.193487374301 -0.149692550524 -0.0509468298018 0.123318979296 0.309706148781 0.602207470575 0.879182897966
 -3.89204675517 -2.04683106725 -1.08983390775 -0.513156459272 -0.268264674119 -0.257062781263 -0.0514104484735 0.324940651289 0.728494027631 1.08915341995
 -3.38689705135 -1.37813174357 -1.21075152383 -0.914454162213 -0.491777970401 -0.325842657510 -0.171051058633 0.276046973164 0.800758861243 1.19211886248
 -3.96275073532 -1.81311809330 -1.11514507550 -0.689644535791 -0.416237743745 -0.218253984437 -0.0720836625592 0.279307925972 0.756071607096 1.14492886019
 -4.30508168700 -2.26161028726 -1.49397597111 -0.976005927462 -0.441594787004 -0.145707255794 0.103627812437 0.408800313409 0.790738870256 1.08328939773
 -4.71191574086 -2.71083775623 -1.61116824657 -1.01242517708 -0.533370184267 -0.242752479127 0.0742434318015 0.451297416984 0.802541354333 1.13521065358
 -5.12870443206 -3.29438302571 -2.07393732803 -1.13097174453 -0.370678367013 -0.0419635577801 0.230498235364 0.526222820185 0.778040933622 1.00446552494
 -5.37893486218 -3.65013963054 -2.70170621899 -1.80085763910 -0.826938745148 -0.158568705942 0.242733202160 0.572610064558 0.852514307695 1.11620575826
 -5.60562204429 -4.00994366933 -2.72599714377 -1.98451004361 -1.11818468938 -0.462720722865 0.0443770453803 0.478462442888 0.888421255121 1.31602277793
 -5.73023359206 -4.35534837860 -3.06415786208 -2.08723230184 -1.45073613637 -0.813509020992 -0.256898399616 0.290803042317 0.884713741215 1.52654666813
 -5.80413771404 -4.26733375316 -2.91239183030 -1.86944624541 -1.26286264491 -0.915782693286 -0.517208344173 0.00289190888955 0.802779422207 1.66023571519
 -5.86722658958 -4.12347754876 -2.65663373889 -1.77593985455 -1.11079698837 -0.914960521112 -0.762781356786 -0.303051347511 0.633292078583 1.77882847687
 -6.19723295118 -4.43842408345 -2.61319789809 -1.28492451677 -0.784636644629 -0.533942599566 -0.551853475031 -0.337433852453 0.538077205383 1.72123219101
 -6.17105816866 -4.45505934894 -2.86302484407 -1.56149576667 -0.699679397955 -0.432052382519 -0.333802820036 -0.0720871937400 0.686672951972 1.59730765973
# log_selcoffs_fsh[3]:
 -3.36314197536 -0.723246360990 1.55871247944 0.683359096578 -1.04536168263 -1.92177910603 -1.75552019622 -1.01122760852 -0.339002067252
 -3.11510127496 -0.0618368778963 1.60588727269 -0.0267866554048 -1.44508763635 -1.96615083531 -1.65382984717 -0.801723200374 0.0432040966757
 -3.18151820464 0.626972982484 0.937832592161 -0.366462692921 -1.29350393269 -1.59949361853 -1.22060717782 -0.277418527711 0.837172269252
 -3.38044539746 0.386875381439 1.35309863531 0.158717389865 -0.923603200718 -1.35803117059 -1.18930919238 -0.615265263872 -0.0481299326964
 -3.45182924885 -1.13047184560 0.467432095730 1.01208307345 0.122268645973 -0.530377931492 -0.609192119071 -0.231210738255 0.217054536458
 -3.72157988979 -2.12200218545 -0.671684202108 0.650044309608 0.821002340995 0.102128378637 -0.213635953103 -0.0516741374729 0.256157917086
# log_selcoffs_fsh[4]:
 -2.25521046589 -1.85880019033 -1.42701435252 -0.939352834506 -0.423026489182 0.0785628991267 0.500337137010 0.788414109739 0.925214320694
 -2.24067884572 -1.85196905013 -1.42610863647 -0.941987912271 -0.419995041636 0.0812430704884 0.500606253830 0.787078011090 0.923551657208
 -2.21319002073 -1.84016111420 -1.42708613919 -0.944277651265 -0.419899076632 0.0892912685370 0.507389189917 0.784952673312 0.915940630191
 -2.16895384218 -1.81554940934 -1.42235519311 -0.956633414864 -0.423546546629 0.0972982368633 0.518900529670 0.785681771931 0.902854352991
 -2.09632561651 -1.76477227433 -1.39640505696 -0.946693071207 -0.439696588454 0.0918191569153 0.526574987817 0.789346800679 0.889897586695
 -1.99990425842 -1.67075361954 -1.34554897077 -0.936484176428 -0.428656775793 0.0895915785338 0.524659066674 0.783345139850 0.875623119107
 -1.88752366074 -1.56248836105 -1.22992566327 -0.876506707996 -0.425086073729 0.0880813409052 0.514949754203 0.767892068166 0.856892070154
 -1.75543253489 -1.44477901516 -1.12482654953 -0.768613949196 -0.368535653243 0.0849996826651 0.488779741563 0.738534398122 0.832626634806
 -1.58690783007 -1.28739598677 -1.00572502296 -0.694683208743 -0.312126796561 0.0951558867565 0.460406502587 0.699166910051 0.800174617568
 -1.39906613919 -1.09216464154 -0.808391653190 -0.580598777530 -0.292682115556 0.0708128832399 0.412040621817 0.655154727976 0.768982771689
 -1.22215882660 -0.914241141590 -0.611057119687 -0.383680864556 -0.222306379992 0.0173860561739 0.328750756293 0.588863411109 0.728070811288
 -1.05726482687 -0.778733008161 -0.487663503591 -0.225196566072 -0.0781536451929 0.0234486807810 0.233826860857 0.491340012001 0.659957641372
 -0.900170335755 -0.648404935588 -0.406927844572 -0.178093157965 -0.00594804781971 0.0862128431769 0.204940842348 0.401310852026 0.566859154416
 -0.741868657541 -0.513509373944 -0.304870144237 -0.131817152738 -0.00740776303124 0.0818619164088 0.193176226408 0.346598239491 0.473991979104
 -0.588589352942 -0.378519401083 -0.203995684984 -0.0812031768676 -0.000328756166044 0.0652632735664 0.155817491241 0.279033605661 0.381832980474
 -0.445556168977 -0.240158651208 -0.102656256076 -0.0324498702667 0.00544744746148 0.0376848037308 0.0991172011427 0.199154991904 0.288247846958
 -0.319479907991 -0.0760987557620 -0.00524017762659 0.00346797754327 0.00182145097607 -0.00370772350923 0.0248583956732 0.106951759945 0.192542465032
 -0.300764488366 0.0500276024252 0.204089335963 0.0630577058994 -0.0248386029594 -0.0954523785280 -0.0715177646565 0.00348931336192 0.0935337851980
 -0.350311711497 0.0632560286074 0.387762506035 0.189747403311 -0.0626943177456 -0.155312864345 -0.173801247008 -0.0921031938252 -0.000244848445044
 -0.487751184841 -0.00125225123663 0.349436468763 0.376757746349 0.0508369702686 -0.172719645931 -0.205868660419 -0.149157243078 -0.0591891356426
 -0.648916874004 -0.118329706851 0.185628491207 0.415402845413 0.289196055881 -0.0384818500560 -0.187561398390 -0.163632352655 -0.111608783918
 -0.847499874429 -0.365082361742 0.0317476219106 0.258053843900 0.353399613474 0.180551259175 0.0125564021361 -0.0492504012483 -0.0362967829349
 -1.01841959513 -0.573132130337 -0.129009932509 0.147102111107 0.297282248243 0.285359278163 0.181598170221 0.0963295909085 0.0591659847984
 -1.18210806487 -0.736329999617 -0.322650878805 0.0458530201601 0.278761780754 0.343038051450 0.286992575016 0.202925802926 0.144310018066
 -1.30601819411 -0.851049189158 -0.417506377218 -0.0190246980638 0.293682648318 0.377159771627 0.329844225929 0.245817920331 0.176790215927
 -1.43854126441 -0.986612489114 -0.565142281837 -0.142462656784 0.225277797852 0.422111685533 0.412915299412 0.324494211197 0.248415286818
 -1.55546463495 -1.07656851082 -0.737473189281 -0.279442008491 0.185636020885 0.435162989125 0.483362363723 0.394184171848 0.307285734180
 -1.71742812607 -1.30937708871 -0.886052638429 -0.324400677583 0.113824175438 0.327521616038 0.447210419408 0.501749954623 0.525681581693
 -1.24256081618 -1.28242394984 -0.983791109898 -0.563876388041 -0.108522801724 0.243053306693 0.468097528877 0.591309037797 0.649979947024
 -1.61443358598 -1.30355575364 -1.08945254156 -0.673531336485 -0.168739539542 0.235556586192 0.493272487550 0.643750038405 0.708780455929
 -1.54031792248 -1.11976903732 -1.05660953261 -0.811181237930 -0.407565252215 0.0384979538083 0.442592860513 0.722845682798 0.852636649180
 -1.44119098563 -0.752156430367 -0.783957093721 -0.811503989041 -0.562215442339 -0.140506708014 0.306273683495 0.698670632861 0.948922750494
 -1.49707474230 -0.390391493327 0.0675873063700 -0.234057847384 -0.328970362520 -0.221811792915 0.0693087237279 0.447336224065 0.733111443078
 -1.47955269339 -0.0873484381210 0.0366083392347 -0.0976088833590 -0.223545771168 -0.228276186910 -0.00774817870109 0.352618378431 0.642358916369
 -1.59953600381 -0.445600648854 0.111382341653 0.161976518115 -0.176242207470 -0.304532476090 -0.114265722336 0.316589896825 0.704864207456
 -1.64871649527 -0.626398229068 -0.138935869012 -0.100381951447 -0.228529554681 -0.399891841460 -0.227293555295 0.364967324092 1.02789118204
 -1.02295244599 0.0652627563606 0.124681512739 -0.326824927885 -0.615524498683 -0.590579861866 -0.267029322683 0.319432972647 0.909334549922
 -0.854596072051 -0.265595713434 -0.000394302995291 -0.183355974850 -0.448858175909 -0.467217907393 -0.149119259322 0.392167833218 0.862453657379
# log_sel_spl_fsh[1]:
 0.00000000000 0.00000000000 0.00000000000 0.00000000000
 0.00000000000 0.00000000000 0.00000000000 0.00000000000
 0.00000000000 0.00000000000 0.00000000000 0.00000000000
 0.00000000000 0.00000000000 0.00000000000 0.00000000000
 0.00000000000 0.00000000000 0.00000000000 0.00000000000
 0.00000000000 0.00000000000 0.00000000000 0.00000000000
 0.00000000000 0.00000000000 0.00000000000 0.00000000000
 0.00000000000 0.00000000000 0.00000000000 0.00000000000
 0.00000000000 0.00000000000 0.00000000000 0.00000000000
 0.00000000000 0.00000000000 0.00000000000 0.00000000000
 0.00000000000 0.00000000000 0.00000000000 0.00000000000
 0.00000000000 0.00000000000 0.00000000000 0.00000000000
 0.00000000000 0.00000000000 0.00000000000 0.00000000000
 0.00000000000 0.00000000000 0.00000000000 0.00000000000
 0.00000000000 0.00000000000 0.00000000000 0.00000000000
 0.00000000000 0.00000000000 0.00000000000 0.00000000000
 0.00000000000 0.00000000000 0.00000000000 0.00000000000
 0.00000000000 0.00000000000 0.00000000000 0.00000000000
 0.00000000000 0.00000000000 0.00000000000 0.00000000000
 0.00000000000 0.00000000000 0.00000000000 0.00000000000
 0.00000000000 0.00000000000 0.00000000000 0.00000000000
 0.00000000000 0.00000000000 0.00000000000 0.00000000000
 0.00000000000 0.00000000000 0.00000000000 0.00000000000
 0.00000000000 0.00000000000 0.00000000000 0.00000000000
 0.00000000000 0.00000000000 0.00000000000 0.00000000000
 0.00000000000 0.00000000000 0.00000000000 0.00000000000
 0.00000000000 0.00000000000 0.00000000000 0.00000000000
 0.00000000000 0.00000000000 0.00000000000 0.00000000000
 0.00000000000 0.00000000000 0.00000000000 0.00000000000
 0.00000000000 0.00000000000 0.00000000000 0.00000000000
 0.00000000000 0.00000000000 0.00000000000 0.00000000000
 0.00000000000 0.00000000000 0.00000000000 0.00000000000
 0.00000000000 0.00000000000 0.00000000000 0.00000000000
 0.00000000000 0.00000000000 0.00000000000 0.00000000000
 0.00000000000 0.00000000000 0.00000000000 0.00000000000
 0.00000000000 0.00000000000 0.00000000000 0.00000000000
 0.00000000000 0.00000000000 0.00000000000 0.00000000000
 0.00000000000 0.00000000000 0.00000000000 0.00000000000
 0.00000000000 0.00000000000 0.00000000000 0.00000000000
 0.00000000000 0.00000000000 0.00000000000 0.00000000000
 0.00000000000 0.00000000000 0.00000000000 0.00000000000
 0.00000000000 0.00000000000 0.00000000000 0.00000000000
 0.00000000000 0.00000000000 0.00000000000 0.00000000000
 0.00000000000 0.00000000000 0.00000000000 0.00000000000
# log_sel_spl_fsh[2]:
 0.00000000000 0.00000000000 0.00000000000 0.00000000000
 0.00000000000 0.00000000000 0.00000000000 0.00000000000
 0.00000000000 0.00000000000 0.00000000000 0.00000000000
 0.00000000000 0.00000000000 0.00000000000 0.00000000000
 0.00000000000 0.00000000000 0.00000000000 0.00000000000
 0.00000000000 0.00000000000 0.00000000000 0.00000000000
 0.00000000000 0.00000000000 0.00000000000 0.00000000000
 0.00000000000 0.00000000000 0.00000000000 0.00000000000
 0.00000000000 0.00000000000 0.00000000000 0.00000000000
 0.00000000000 0.00000000000 0.00000000000 0.00000000000
 0.00000000000 0.00000000000 0.00000000000 0.00000000000
 0.00000000000 0.00000000000 0.00000000000 0.00000000000
 0.00000000000 0.00000000000 0.00000000000 0.00000000000
 0.00000000000 0.00000000000 0.00000000000 0.00000000000
 0.00000000000 0.00000000000 0.00000000000 0.00000000000
 0.00000000000 0.00000000000 0.00000000000 0.00000000000
 0.00000000000 0.00000000000 0.00000000000 0.00000000000
 0.00000000000 0.00000000000 0.00000000000 0.00000000000
 0.00000000000 0.00000000000 0.00000000000 0.00000000000
 0.00000000000 0.00000000000 0.00000000000 0.00000000000
 0.00000000000 0.00000000000 0.00000000000 0.00000000000
 0.00000000000 0.00000000000 0.00000000000 0.00000000000
 0.00000000000 0.00000000000 0.00000000000 0.00000000000
 0.00000000000 0.00000000000 0.00000000000 0.00000000000
 0.00000000000 0.00000000000 0.00000000000 0.00000000000
 0.00000000000 0.00000000000 0.00000000000 0.00000000000
 0.00000000000 0.00000000000 0.00000000000 0.00000000000
 0.00000000000 0.00000000000 0.00000000000 0.00000000000
 0.00000000000 0.00000000000 0.00000000000 0.00000000000
 0.00000000000 0.00000000000 0.00000000000 0.00000000000
 0.00000000000 0.00000000000 0.00000000000 0.00000000000
 0.00000000000 0.00000000000 0.00000000000 0.00000000000
 0.00000000000 0.00000000000 0.00000000000 0.00000000000
 0.00000000000 0.00000000000 0.00000000000 0.00000000000
 0.00000000000 0.00000000000 0.00000000000 0.00000000000
 0.00000000000 0.00000000000 0.00000000000 0.00000000000
 0.00000000000 0.00000000000 0.00000000000 0.00000000000
 0.00000000000 0.00000000000 0.00000000000 0.00000000000
 0.00000000000 0.00000000000 0.00000000000 0.00000000000
 0.00000000000 0.00000000000 0.00000000000 0.00000000000
 0.00000000000 0.00000000000 0.00000000000 0.00000000000
 0.00000000000 0.00000000000 0.00000000000 0.00000000000
 0.00000000000 0.00000000000 0.00000000000 0.00000000000
 0.00000000000 0.00000000000 0.00000000000 0.00000000000
# log_sel_spl_fsh[3]:
 0.00000000000 0.00000000000 0.00000000000 0.00000000000
 0.00000000000 0.00000000000 0.00000000000 0.00000000000
 0.00000000000 0.00000000000 0.00000000000 0.00000000000
 0.00000000000 0.00000000000 0.00000000000 0.00000000000
 0.00000000000 0.00000000000 0.00000000000 0.00000000000
 0.00000000000 0.00000000000 0.00000000000 0.00000000000
# log_sel_spl_fsh[4]:
 0.00000000000 0.00000000000 0.00000000000 0.00000000000
 0.00000000000 0.00000000000 0.00000000000 0.00000000000
 0.00000000000 0.00000000000 0.00000000000 0.00000000000
 0.00000000000 0.00000000000 0.00000000000 0.00000000000
 0.00000000000 0.00000000000 0.00000000000 0.00000000000
 0.00000000000 0.00000000000 0.00000000000 0.00000000000
 0.00000000000 0.00000000000 0.00000000000 0.00000000000
 0.00000000000 0.00000000000 0.00000000000 0.00000000000
 0.00000000000 0.00000000000 0.00000000000 0.00000000000
 0.00000000000 0.00000000000 0.00000000000 0.00000000000
 0.00000000000 0.00000000000 0.00000000000 0.00000000000
 0.00000000000 0.00000000000 0.00000000000 0.00000000000
 0.00000000000 0.00000000000 0.00000000000 0.00000000000
 0.00000000000 0.00000000000 0.00000000000 0.00000000000
 0.00000000000 0.00000000000 0.00000000000 0.00000000000
 0.00000000000 0.00000000000 0.00000000000 0.00000000000
 0.00000000000 0.00000000000 0.00000000000 0.00000000000
 0.00000000000 0.00000000000 0.00000000000 0.00000000000
 0.00000000000 0.00000000000 0.00000000000 0.00000000000
 0.00000000000 0.00000000000 0.00000000000 0.00000000000
 0.00000000000 0.00000000000 0.00000000000 0.00000000000
 0.00000000000 0.00000000000 0.00000000000 0.00000000000
 0.00000000000 0.00000000000 0.00000000000 0.00000000000
 0.00000000000 0.00000000000 0.00000000000 0.00000000000
 0.00000000000 0.00000000000 0.00000000000 0.00000000000
 0.00000000000 0.00000000000 0.00000000000 0.00000000000
 0.00000000000 0.00000000000 0.00000000000 0.00000000000
 0.00000000000 0.00000000000 0.00000000000 0.00000000000
 0.00000000000 0.00000000000 0.00000000000 0.00000000000
 0.00000000000 0.00000000000 0.00000000000 0.00000000000
 0.00000000000 0.00000000000 0.00000000000 0.00000000000
 0.00000000000 0.00000000000 0.00000000000 0.00000000000
 0.00000000000 0.00000000000 0.00000000000 0.00000000000
 0.00000000000 0.00000000000 0.00000000000 0.00000000000
 0.00000000000 0.00000000000 0.00000000000 0.00000000000
 0.00000000000 0.00000000000 0.00000000000 0.00000000000
 0.00000000000 0.00000000000 0.00000000000 0.00000000000
 0.00000000000 0.00000000000 0.00000000000 0.00000000000
# logsel_slope_fsh[1]:
 0.00000000000 0.00000000000 0.00000000000 0.00000000000 0.00000000000 0.00000000000 0.00000000000 0.00000000000 0.00000000000 0.00000000000 0.00000000000 0.00000000000 0.00000000000 0.00000000000 0.00000000000 0.00000000000 0.00000000000 0.00000000000 0.00000000000 0.00000000000 0.00000000000 0.00000000000 0.00000000000 0.00000000000 0.00000000000 0.00000000000 0.00000000000 0.00000000000 0.00000000000 0.00000000000 0.00000000000 0.00000000000 0.00000000000 0.00000000000 0.00000000000 0.00000000000 0.00000000000 0.00000000000 0.00000000000 0.00000000000 0.00000000000 0.00000000000 0.00000000000 0.00000000000
# logsel_slope_fsh[2]:
 0.00000000000 0.00000000000 0.00000000000 0.00000000000 0.00000000000 0.00000000000 0.00000000000 0.00000000000 0.00000000000 0.00000000000 0.00000000000 0.00000000000 0.00000000000 0.00000000000 0.00000000000 0.00000000000 0.00000000000 0.00000000000 0.00000000000 0.00000000000 0.00000000000 0.00000000000 0.00000000000 0.00000000000 0.00000000000 0.00000000000 0.00000000000 0.00000000000 0.00000000000 0.00000000000 0.00000000000 0.00000000000 0.00000000000 0.00000000000 0.00000000000 0.00000000000 0.00000000000 0.00000000000 0.00000000000 0.00000000000 0.00000000000 0.00000000000 0.00000000000 0.00000000000
# logsel_slope_fsh[3]:
 0.00000000000 0.00000000000 0.00000000000 0.00000000000 0.00000000000 0.00000000000
# logsel_slope_fsh[4]:
 0.00000000000 0.00000000000 0.00000000000 0.00000000000 0.00000000000 0.00000000000 0.00000000000 0.00000000000 0.00000000000 0.00000000000 0.00000000000 0.00000000000 0.00000000000 0.00000000000 0.00000000000 0.00000000000 0.00000000000 0.00000000000 0.00000000000 0.00000000000 0.00000000000 0.00000000000 0.00000000000 0.00000000000 0.00000000000 0.00000000000 0.00000000000 0.00000000000 0.00000000000 0.00000000000 0.00000000000 0.00000000000 0.00000000000 0.00000000000 0.00000000000 0.00000000000 0.00000000000 0.00000000000
# sel50_fsh[1]:
 0.00000000000 0.00000000000 0.00000000000 0.00000000000 0.00000000000 0.00000000000 0.00000000000 0.00000000000 0.00000000000 0.00000000000 0.00000000000 0.00000000000 0.00000000000 0.00000000000 0.00000000000 0.00000000000 0.00000000000 0.00000000000 0.00000000000 0.00000000000 0.00000000000 0.00000000000 0.00000000000 0.00000000000 0.00000000000 0.00000000000 0.00000000000 0.00000000000 0.00000000000 0.00000000000 0.00000000000 0.00000000000 0.00000000000 0.00000000000 0.00000000000 0.00000000000 0.00000000000 0.00000000000 0.00000000000 0.00000000000 0.00000000000 0.00000000000 0.00000000000 0.00000000000
# sel50_fsh[2]:
 0.00000000000 0.00000000000 0.00000000000 0.00000000000 0.00000000000 0.00000000000 0.00000000000 0.00000000000 0.00000000000 0.00000000000 0.00000000000 0.00000000000 0.00000000000 0.00000000000 0.00000000000 0.00000000000 0.00000000000 0.00000000000 0.00000000000 0.00000000000 0.00000000000 0.00000000000 0.00000000000 0.00000000000 0.00000000000 0.00000000000 0.00000000000 0.00000000000 0.00000000000 0.00000000000 0.00000000000 0.00000000000 0.00000000000 0.00000000000 0.00000000000 0.00000000000 0.00000000000 0.00000000000 0.00000000000 0.00000000000 0.00000000000 0.00000000000 0.00000000000 0.00000000000
# sel50_fsh[3]:
 0.00000000000 0.00000000000 0.00000000000 0.00000000000 0.00000000000 0.00000000000
# sel50_fsh[4]:
 0.00000000000 0.00000000000 0.00000000000 0.00000000000 0.00000000000 0.00000000000 0.00000000000 0.00000000000 0.00000000000 0.00000000000 0.00000000000 0.00000000000 0.00000000000 0.00000000000 0.00000000000 0.00000000000 0.00000000000 0.00000000000 0.00000000000 0.00000000000 0.00000000000 0.00000000000 0.00000000000 0.00000000000 0.00000000000 0.00000000000 0.00000000000 0.00000000000 0.00000000000 0.00000000000 0.00000000000 0.00000000000 0.00000000000 0.00000000000 0.00000000000 0.00000000000 0.00000000000 0.00000000000
# logsel_p1_fsh[1]:
 0.00000000000 0.00000000000 0.00000000000 0.00000000000 0.00000000000 0.00000000000 0.00000000000 0.00000000000 0.00000000000 0.00000000000 0.00000000000 0.00000000000 0.00000000000 0.00000000000 0.00000000000 0.00000000000 0.00000000000 0.00000000000 0.00000000000 0.00000000000 0.00000000000 0.00000000000 0.00000000000 0.00000000000 0.00000000000 0.00000000000 0.00000000000 0.00000000000 0.00000000000 0.00000000000 0.00000000000 0.00000000000 0.00000000000 0.00000000000 0.00000000000 0.00000000000 0.00000000000 0.00000000000 0.00000000000 0.00000000000 0.00000000000 0.00000000000 0.00000000000 0.00000000000
# logsel_p1_fsh[2]:
 0.00000000000 0.00000000000 0.00000000000 0.00000000000 0.00000000000 0.00000000000 0.00000000000 0.00000000000 0.00000000000 0.00000000000 0.00000000000 0.00000000000 0.00000000000 0.00000000000 0.00000000000 0.00000000000 0.00000000000 0.00000000000 0.00000000000 0.00000000000 0.00000000000 0.00000000000 0.00000000000 0.00000000000 0.00000000000 0.00000000000 0.00000000000 0.00000000000 0.00000000000 0.00000000000 0.00000000000 0.00000000000 0.00000000000 0.00000000000 0.00000000000 0.00000000000 0.00000000000 0.00000000000 0.00000000000 0.00000000000 0.00000000000 0.00000000000 0.00000000000 0.00000000000
# logsel_p1_fsh[3]:
 0.00000000000 0.00000000000 0.00000000000 0.00000000000 0.00000000000 0.00000000000
# logsel_p1_fsh[4]:
 0.00000000000 0.00000000000 0.00000000000 0.00000000000 0.00000000000 0.00000000000 0.00000000000 0.00000000000 0.00000000000 0.00000000000 0.00000000000 0.00000000000 0.00000000000 0.00000000000 0.00000000000 0.00000000000 0.00000000000 0.00000000000 0.00000000000 0.00000000000 0.00000000000 0.00000000000 0.00000000000 0.00000000000 0.00000000000 0.00000000000 0.00000000000 0.00000000000 0.00000000000 0.00000000000 0.00000000000 0.00000000000 0.00000000000 0.00000000000 0.00000000000 0.00000000000 0.00000000000 0.00000000000
# logsel_p2_fsh[1]:
 0.00000000000 0.00000000000 0.00000000000 0.00000000000 0.00000000000 0.00000000000 0.00000000000 0.00000000000 0.00000000000 0.00000000000 0.00000000000 0.00000000000 0.00000000000 0.00000000000 0.00000000000 0.00000000000 0.00000000000 0.00000000000 0.00000000000 0.00000000000 0.00000000000 0.00000000000 0.00000000000 0.00000000000 0.00000000000 0.00000000000 0.00000000000 0.00000000000 0.00000000000 0.00000000000 0.00000000000 0.00000000000 0.00000000000 0.00000000000 0.00000000000 0.00000000000 0.00000000000 0.00000000000 0.00000000000 0.00000000000 0.00000000000 0.00000000000 0.00000000000 0.00000000000
# logsel_p2_fsh[2]:
 0.00000000000 0.00000000000 0.00000000000 0.00000000000 0.00000000000 0.00000000000 0.00000000000 0.00000000000 0.00000000000 0.00000000000 0.00000000000 0.00000000000 0.00000000000 0.00000000000 0.00000000000 0.00000000000 0.00000000000 0.00000000000 0.00000000000 0.00000000000 0.00000000000 0.00000000000 0.00000000000 0.00000000000 0.00000000000 0.00000000000 0.00000000000 0.00000000000 0.00000000000 0.00000000000 0.00000000000 0.00000000000 0.00000000000 0.00000000000 0.00000000000 0.00000000000 0.00000000000 0.00000000000 0.00000000000 0.00000000000 0.00000000000 0.00000000000 0.00000000000 0.00000000000
# logsel_p2_fsh[3]:
 0.00000000000 0.00000000000 0.00000000000 0.00000000000 0.00000000000 0.00000000000
# logsel_p2_fsh[4]:
 0.00000000000 0.00000000000 0.00000000000 0.00000000000 0.00000000000 0.00000000000 0.00000000000 0.00000000000 0.00000000000 0.00000000000 0.00000000000 0.00000000000 0.00000000000 0.00000000000 0.00000000000 0.00000000000 0.00000000000 0.00000000000 0.00000000000 0.00000000000 0.00000000000 0.00000000000 0.00000000000 0.00000000000 0.00000000000 0.00000000000 0.00000000000 0.00000000000 0.00000000000 0.00000000000 0.00000000000 0.00000000000 0.00000000000 0.00000000000 0.00000000000 0.00000000000 0.00000000000 0.00000000000
# logsel_p3_fsh[1]:
 0.00000000000 0.00000000000 0.00000000000 0.00000000000 0.00000000000 0.00000000000 0.00000000000 0.00000000000 0.00000000000 0.00000000000 0.00000000000 0.00000000000 0.00000000000 0.00000000000 0.00000000000 0.00000000000 0.00000000000 0.00000000000 0.00000000000 0.00000000000 0.00000000000 0.00000000000 0.00000000000 0.00000000000 0.00000000000 0.00000000000 0.00000000000 0.00000000000 0.00000000000 0.00000000000 0.00000000000 0.00000000000 0.00000000000 0.00000000000 0.00000000000 0.00000000000 0.00000000000 0.00000000000 0.00000000000 0.00000000000 0.00000000000 0.00000000000 0.00000000000 0.00000000000
# logsel_p3_fsh[2]:
 0.00000000000 0.00000000000 0.00000000000 0.00000000000 0.00000000000 0.00000000000 0.00000000000 0.00000000000 0.00000000000 0.00000000000 0.00000000000 0.00000000000 0.00000000000 0.00000000000 0.00000000000 0.00000000000 0.00000000000 0.00000000000 0.00000000000 0.00000000000 0.00000000000 0.00000000000 0.00000000000 0.00000000000 0.00000000000 0.00000000000 0.00000000000 0.00000000000 0.00000000000 0.00000000000 0.00000000000 0.00000000000 0.00000000000 0.00000000000 0.00000000000 0.00000000000 0.00000000000 0.00000000000 0.00000000000 0.00000000000 0.00000000000 0.00000000000 0.00000000000 0.00000000000
# logsel_p3_fsh[3]:
 0.00000000000 0.00000000000 0.00000000000 0.00000000000 0.00000000000 0.00000000000
# logsel_p3_fsh[4]:
 0.00000000000 0.00000000000 0.00000000000 0.00000000000 0.00000000000 0.00000000000 0.00000000000 0.00000000000 0.00000000000 0.00000000000 0.00000000000 0.00000000000 0.00000000000 0.00000000000 0.00000000000 0.00000000000 0.00000000000 0.00000000000 0.00000000000 0.00000000000 0.00000000000 0.00000000000 0.00000000000 0.00000000000 0.00000000000 0.00000000000 0.00000000000 0.00000000000 0.00000000000 0.00000000000 0.00000000000 0.00000000000 0.00000000000 0.00000000000 0.00000000000 0.00000000000 0.00000000000 0.00000000000
# rec_dev_future:
 0.00000000000 0.00000000000 0.00000000000 0.00000000000 0.00000000000 0.00000000000 0.00000000000 0.00000000000 0.00000000000 0.00000000000
# log_q_ind[1]:
1.12585774869
# log_q_ind[2]:
-1.45345411605
# log_q_ind[3]:
-2.51825750713
# log_q_ind[4]:
-10.1774014239
# log_q_ind[5]:
-10.0174575909
# log_q_ind[6]:
-1.10337040431
# log_q_power_ind[1]:
0.00000000000
# log_q_power_ind[2]:
0.00000000000
# log_q_power_ind[3]:
0.00000000000
# log_q_power_ind[4]:
0.00000000000
# log_q_power_ind[5]:
0.00000000000
# log_q_power_ind[6]:
0.00000000000
# log_rw_q_ind[1]:
 -1.08269745495
# log_rw_q_ind[6]:
 -0.122356303002
# log_selcoffs_ind[1]:
 -2.63424288497 -1.80885729431 -1.18305811776 -0.711520080945 -0.349648268368 -0.0266851336579 0.270256821057 0.526693283592 0.711823053998 0.809692372915
 -3.31401652345 -2.51900118671 -1.75853371087 -1.07850352733 -0.506827899032 -0.0285979751221 0.335387306731 0.605092544547 0.782410278136 0.867032464911
# log_selcoffs_ind[2]:
 -0.721865693079 -0.540011847690 -0.689263670794 -0.902338842842 -0.948862124892 -0.730045920748 -0.296649054398 0.254185457875 0.777636491956 1.08036080589
 0.0515991547443 -0.349932846386 -0.574792102841 -0.653926671850 -0.604053283078 -0.408763492751 -0.0949863661711 0.253873644727 0.547027856365 0.704049005779
 0.480034158694 0.125072060741 -0.0525665998573 -0.112231211023 -0.180475910075 -0.235788150423 -0.229097949968 -0.151206017325 -0.0108756397992 0.130226330635
# log_selcoffs_ind[3]:
 -0.202940821038 0.0202027052767 0.0202027052767 0.0202027052767 0.0202027052767 0.0202027052767 0.0202027052767 0.0202027052767 0.0202027052767 0.0202027052767
# log_selcoffs_ind[4]:
 -3.04452005677 -0.669616569639 0.101782682789 0.174353368097 0.174353368097 0.174353368097 0.174353368097 0.174353368097 0.174353368097 0.174353368097
# log_selcoffs_ind[5]:
 -3.04452005677 -0.669616569639 0.101782682789 0.174353368097 0.174353368097 0.174353368097 0.174353368097 0.174353368097 0.174353368097 0.174353368097
# log_selcoffs_ind[6]:
 -3.04452005677 -0.669616569639 0.101782682789 0.174353368097 0.174353368097 0.174353368097 0.174353368097 0.174353368097 0.174353368097 0.174353368097
# logsel_slope_ind[1]:
 0.00000000000 0.00000000000
# logsel_slope_ind[2]:
 0.00000000000 0.00000000000 0.00000000000
# logsel_slope_ind[3]:
 0.00000000000
# logsel_slope_ind[4]:
 0.00000000000
# logsel_slope_ind[5]:
 0.00000000000
# logsel_slope_ind[6]:
 0.00000000000
# sel50_ind[1]:
 0.00000000000 0.00000000000
# sel50_ind[2]:
 0.00000000000 0.00000000000 0.00000000000
# sel50_ind[3]:
 0.00000000000
# sel50_ind[4]:
 0.00000000000
# sel50_ind[5]:
 0.00000000000
# sel50_ind[6]:
 0.00000000000
# logsel_p1_ind[1]:
 0.00000000000 0.00000000000
# logsel_p1_ind[2]:
 0.00000000000 0.00000000000 0.00000000000
# logsel_p1_ind[3]:
 0.00000000000
# logsel_p1_ind[4]:
 0.00000000000
# logsel_p1_ind[5]:
 0.00000000000
# logsel_p1_ind[6]:
 0.00000000000
# sel_p2_ind[1]:
 0.00000000000 0.00000000000
# sel_p2_ind[2]:
 0.00000000000 0.00000000000 0.00000000000
# sel_p2_ind[3]:
 0.00000000000
# sel_p2_ind[4]:
 0.00000000000
# sel_p2_ind[5]:
 0.00000000000
# sel_p2_ind[6]:
 0.00000000000
# logsel_p3_ind[1]:
 0.00000000000 0.00000000000
# logsel_p3_ind[2]:
 0.00000000000 0.00000000000 0.00000000000
# logsel_p3_ind[3]:
 0.00000000000
# logsel_p3_ind[4]:
 0.00000000000
# logsel_p3_ind[5]:
 0.00000000000
# logsel_p3_ind[6]:
 0.00000000000
