#years 
1970 
2026 
#ages 
1 
12 
#nbins 
41 
#lengthbin 
10 11 12 13 14 15 16 17 18 19 20 21 22 23 24 25 26 27 28 29 30 31 32 33 34 35 36 37 38 39 40 41 42 43 44 45 46 47 48 49 50 
#Fnum 
4 
#Fnames 
N_Chile%SC_Chile_PS%FarNorth%Offshore_Trawl 
#Fcaton 
101.69 143.45 64.46 83.2 164.76 207.33 257.7 226.23 398.41 344.05 288.81 474.82 789.91 301.93 727 511.15 55.21 313.31 325.46 338.6 323.09 346.25 304.24 379.47 222.25 230.18 278.44 104.2 30.27 55.65 118.73 248.1 108.73 143.28 158.66 165.63 155.26 172.701 167.258 134.022 169.012 30.825 13.256 16.361 18.219 34.886 24.657 35.002 11.551 11.875 44.155 61.359 72.795 68.052 105.3088 174.045 108.7796 
10.31 14.99 22.55 38.39 28.75 53.88 84.57 114.57 188.27 253.46 273.45 586.09 704.77 563.34 699.3 945.84 1129.11 1456.73 1812.79 2051.52 2148.79 2674.27 2907.82 2856.78 3819.19 4174.02 3604.89 2812.87 1582.64 1164.04 1115.57 1401.84 1410.27 1278.02 1292.94 1264.81 1224.69 1130.083 728.85 700.905 295.796 216.47 214.204 214.999 254.295 250.327 295.16 311.863 415.149 432.447 517.665 567.267 655.157 740.203 977.0402 1067.685 797.7173 
4.71 9.19 18.78 42.78 129.21 37.9 54.15 504.99 386.79 333.81 414.3 445.64 143.72 110.69 200.67 114.62 51.03 46.3 244.23 316.25 370.82 213.45 111.68 133.35 233.35 550.99 495.52 680.05 412.85 203.75 303.7 857.74 154.82 217.73 187.37 80.66 277.57 255.36 169.537 76.629 22.172 326.394 187.396 80.586 74.532 22.447 15.088 8.867 57.163 135.784 140.116 123.636 159.608 222.287 217.242 200.38 110 
1 1 5.5 1 1 1 1.04 2.27 51.29 370.29 339.8 438.12 733.2 894.3 1059.93 799.32 837.5 863.42 863.22 875.82 872.06 543.66 37.93 1 1 1 1 1 1 1.01 2.32 20.09 76.26 158.2 295.44 243.58 362.63 438.8306 406.9864 371.9176 239.593 60.89131 39.91786 41.177 63.652 86.672 54.163 49.113 42.46 51.439 4.739 55.304 73.868 95.334 30.479 52.434 85 
#Fcatonerr 
0.05 0.05 0.05 0.05 0.05 0.05 0.05 0.05 0.05 0.05 0.05 0.05 0.05 0.05 0.05 0.05 0.05 0.05 0.05 0.05 0.05 0.05 0.05 0.05 0.05 0.05 0.05 0.05 0.05 0.05 0.05 0.05 0.05 0.05 0.05 0.05 0.05 0.05 0.05 0.05 0.05 0.05 0.05 0.05 0.05 0.05 0.05 0.05 0.05 0.05 0.05 0.05 0.05 0.05 0.05 0.05 0.05 
0.05 0.05 0.05 0.05 0.05 0.05 0.05 0.05 0.05 0.05 0.05 0.05 0.05 0.05 0.05 0.05 0.05 0.05 0.05 0.05 0.05 0.05 0.05 0.05 0.05 0.05 0.05 0.05 0.05 0.05 0.05 0.05 0.05 0.05 0.05 0.05 0.05 0.05 0.05 0.05 0.05 0.05 0.05 0.05 0.05 0.05 0.05 0.05 0.05 0.05 0.05 0.05 0.05 0.05 0.05 0.05 0.05 
0.05 0.05 0.05 0.05 0.05 0.05 0.05 0.05 0.05 0.05 0.05 0.05 0.05 0.05 0.05 0.05 0.05 0.05 0.05 0.05 0.05 0.05 0.05 0.05 0.05 0.05 0.05 0.05 0.05 0.05 0.05 0.05 0.05 0.05 0.05 0.05 0.05 0.05 0.05 0.05 0.05 0.05 0.05 0.05 0.05 0.05 0.05 0.05 0.05 0.05 0.05 0.05 0.05 0.05 0.05 0.05 0.05 
0.05 0.05 0.05 0.05 0.05 0.05 0.05 0.05 0.05 0.05 0.05 0.05 0.05 0.05 0.05 0.05 0.05 0.05 0.05 0.05 0.05 0.05 0.05 0.05 0.05 0.05 0.05 0.05 0.05 0.05 0.05 0.05 0.05 0.05 0.05 0.05 0.05 0.05 0.05 0.05 0.05 0.05 0.05 0.05 0.05 0.05 0.05 0.05 0.05 0.05 0.05 0.05 0.05 0.05 0.05 0.05 0.05 
#FnumyearsA 
47 
47 
0 
12 
#FnumyearsL 
0 
0 
55 
0 
#Fageyears 
1980 1981 1982 1983 1984 1985 1986 1987 1988 1989 1990 1991 1992 1993 1994 1995 1996 1997 1998 1999 2000 2001 2002 2003 2004 2005 2006 2007 2008 2009 2010 2011 2012 2013 2014 2015 2016 2017 2018 2019 2020 2021 2022 2023 2024 2025 2026 
1980 1981 1982 1983 1984 1985 1986 1987 1988 1989 1990 1991 1992 1993 1994 1995 1996 1997 1998 1999 2000 2001 2002 2003 2004 2005 2006 2007 2008 2009 2010 2011 2012 2013 2014 2015 2016 2017 2018 2019 2020 2021 2022 2023 2024 2025 2026 
2015 2016 2017 2018 2019 2020 2021 2022 2023 2024 2025 2026 
#Flengthyears 
1972 1973 1974 1975 1976 1977 1978 1979 1980 1981 1982 1983 1984 1985 1986 1987 1988 1989 1990 1991 1992 1993 1994 1995 1996 1997 1998 1999 2000 2001 2002 2003 2004 2005 2006 2007 2008 2009 2010 2011 2012 2013 2014 2015 2016 2017 2018 2019 2020 2021 2022 2023 2024 2025 2026 
#Fagesample 
23.86619 23.86619 23.86619 23.86619 23.86619 23.86619 23.86619 23.86619 23.86619 23.86619 23.86619 23.86619 23.86619 23.86619 23.86619 23.86619 23.86619 23.86619 23.86619 23.86619 23.86619 23.86619 23.86619 23.86619 23.86619 23.86619 23.86619 23.86619 23.86619 23.86619 23.86619 23.86619 23.86619 23.86619 23.86619 23.86619 23.86619 23.86619 23.86619 23.86619 23.86619 23.86619 23.86619 23.86619 23.86619 23.86619 2.386619 
64.27725 64.27725 64.27725 64.27725 64.27725 64.27725 64.27725 64.27725 64.27725 64.27725 64.27725 64.27725 64.27725 64.27725 64.27725 64.27725 64.27725 64.27725 64.27725 64.27725 64.27725 64.27725 64.27725 64.27725 64.27725 64.27725 64.27725 64.27725 64.27725 64.27725 64.27725 64.27725 64.27725 64.27725 64.27725 64.27725 64.27725 64.27725 64.27725 64.27725 64.27725 64.27725 64.27725 64.27725 64.27725 64.27725 6.427725 
12.5757 12.5757 12.5757 12.5757 12.5757 12.5757 12.5757 12.5757 12.5757 12.5757 12.5757 1.25757 
#Flengthsample 
7.288943 7.434466 15.88959 5.539469 7.725912 44.46127 24.05287 33.67418 30.90445 30.32116 51.89614 25.36498 45.04457 11.95367 15.16078 12.24512 49.27193 25.5105 30.90445 24.1988 17.49314 17.34722 16.32696 42.85772 62.39179 70.55507 31.34182 57.14376 73.17928 29.00945 70.55507 42.85772 18.5134 79.73901 39.94246 19.09669 14.72341 3.644471 60.64231 40.52536 19.09669 19.09669 5.976837 6.559729 9.912755 24.05287 35.86063 16.03512 26.23972 39.5051 45.48193 22.3034 21.57458 21.57458 2.157458 
#Fagecomp 
2538301 28654556 83310793 149638434 188439075 136286247 23011545 11797 0 0 0 0 
5380761 72557380 137185821 217546255 338598361 195433672 47397463 9385383 0 0 0 0 
9500065 340940894 344322033 503783588 611525887 368232687 139096457 27461374 339364.4 0 0 0 
7963171 66001058 129196475 210347485 213377719 118347383 24294373 1341634 35474.23 0 0 0 
46510041 730444089 265639223 306244801 390558018 340001865 95046746 4071703 0 0 0 0 
18124743 269116886 374164292 430472338 268939345 77695670 15048122 1610282 0 0 0 0 
7601651 10811911 8736295 18238151 31590084 17618612 4498170 205988.2 0 0 0 0 
224069974 1049118145 174612285 41440879 28034194 13179336 1440478 734401.2 0 0 0 0 
1456214 44307493 143477627 70089977 4703640 591438.7 30458.8 0 0 0 0 0 
2707610 74623316 354908019 323619206 65143584 11407156 3330224 924125.9 139929.5 0 0 0 
76935109 29681822 236153581 414904907 86422386 9207360 1033856 386374 4177 0 0 0 
113339886 326094616 78617248 175835277 235182209 58682668 9528402 2733131 617095 0 0 0 
131517242 353473181 245363789 243488547 145008635 53762398 8670508 1019460 0 0 0 0 
349180224 1618926374 173384674 81645144 28022870 7502075 2284830 485971.3 117998.6 78471.95 751.5 0 
262177080 314304562 250849881 130679460 22047678 5303819 2241529 267841 0 0 0 0 
48111476 718657325 193019953 65840975 18891401 613147.1 146169.3 0 0 0 0 0 
437799913 861323270 162996006 46907181 6833233 174583.5 71484 0 0 0 0 0 
197052959 330889142 18912074 1375550 54368 0 0 0 0 0 0 0 
13674788 142405468 19129901 4872017 455711 5752.889 0 0 0 0 0 0 
37006046 339375959 21190856 7326410 751573.1 32634 0 0 0 0 0 0 
271856103 347202078 118010406 8671788 107366 0 0 0 0 0 0 0 
1047374686 1005002155 18475397 1149843 249215 0 0 0 0 0 0 0 
146061082 406111138 116272737 24130058 4485894 434231.6 0 0 0 0 0 0 
226895845 786556488 49016606 21173879 8802891 1935513 109004.3 0 0 0 0 0 
107214985 507798054 186788856 8604679 326822.3 0 0 0 0 0 0 0 
505104792 549262498 137343880 49655439 6591715 133155 38372 0 0 0 0 0 
91033262 940062852 72678535 25556569 8548579 1213232 50089.67 0 0 0 0 0 
131885762 741671012 137495034 33937470 19427688 5338775 1461170 0 0 0 0 0 
852504948 417423658 129230668 106435823 13018435 759553 190481 41055 0 0 0 0 
175865173 598742028 32514898 72098942 3266035 86959 0 0 0 0 0 0 
105652101 838994666 144780979 37124894 9102472 292147 484632 0 0 0 0 0 
278416818 73134320 5743293 2184150 344192 0 0 0 0 0 0 0 
26803495 45199510 5747486 78110.94 6122.812 0 0 0 0 0 0 0 
61565949 130211516 2088784 2195281 2257561 34647 31958.75 0 0 0 0 0 
131852030 89013124 3436477 933067.3 33230 5621 0 0 0 0 0 0 
23013058 101230895 25848118 10685547 7243882 1183722 209486 0 0 0 0 0 
5129676 10058969 6761736 9603337 9636798 3462835 5112155 720470 193462 0 0 0 
68822218 135280075 13664521 2947546 1377688 115606 138022 69011 0 0 0 0 
150237473 517210.4 85268.63 47137.99 11815.99 0 0 0 0 0 0 0 
6130257 5887972 2768111 4318442 3930982 1991608 2063905 1247142 843048.2 799948.2 191891.7 515047.7 
0 32641025 30675530 28864180 18479408 9542557 1967913 569614 216911 7785 0 11678 
21230.25 3015.66 4266.642 16343.84 25749.9 21083.81 14135.53 8488.158 3494.589 973.7125 694.6747 9.937932 
1539 796 433 9530 22053 24373 16220 5417 2177 819 0 10 
9248.844 1614.451 6314.834 8069.919 17527.33 26781.31 19260.41 10940.12 3920.983 1271.346 1965.796 177.9232 
3.348761 1660.208 13666.94 18794.04 17039.85 24674.98 27540.67 18001.8 9110.129 1757.969 546.7776 0 
147.5062 3150.847 11876.86 15636.43 28760.54 24586.39 33921.18 40865.08 23782.29 9176.221 2031.91 594.3867 
2.294333 750.3293 631.5767 1784.671 6937.254 5952.718 8062.336 12467.69 7174.41 3191.847 1389.312 87.2502 
1516568 22275108 37705480 24621368 7887924 1175977 165844.1 0 0 0 0 0 
3372733 27500410 44236699 43653164 16744236 3763999 395283.4 20014.63 0 0 0 0 
3193152 56145704 76601317 51395871 15670149 2851928 404446.6 20363.92 0 0 0 0 
19335786 34426754 29443572 25046792 13452190 2746190 539395.1 56195.3 0 0 0 0 
16819869 112836963 19169861 31548502 27091056 13989862 4031717 224601 0 0 0 0 
5872659 57919626 55752822 43486091 37118294 14184604 3491375 108001.7 2975.162 0 0 0 
5810844 16309892 36557063 41854292 32735476 18365809 2434084 96248.88 1813.167 0 0 0 
15968751 88195313 12861989 19381517 33643013 19589517 3354857 294532.2 1738.877 0 0 0 
8819828 28071565 20846816 4749274 5501662 4140129 801587.7 68381.98 12854.04 0 0 0 
5370008 87686318 312304573 222389787 63370450 35135242 15025278 2280375 45686.68 0 0 0 
4761988 47850594 481697535 2024570442 2552867019 1422722555 917818362 245331085 19420721 48062 0 0 
58614098 252746838 22800955 491389139 2069433746 2260834197 1409666627 811029128 292532292 85466196 7354352 1604374 
85455009 502284997 480849822 423719246 566771683 1590076831 1641600660 1209429274 690732462 273955425 11839430 0 
79551615 1052755002 1149957258 922630839 781105649 663824064 904624020 805638086 281009523 44757966 1729932 0 
3514930 425678080 1184391535 1248724519 921451118 801964324 1164969523 892510863 293358770 43261526 913277.5 0 
92325879 3220095544 2825468316 3749690732 3430555113 1279398424 1222248980 692248027 236968682 66622822 1186530 0 
461334082 2318778622 2052827373 1858485155 1627330843 1109296058 661635375 339094132 149509992 38888492 7245864 0 
928048023 5091447766 2511562863 1254638984 730631352 616332544 551196326 293967047 164897779 65852643 17959302 4657013 
952793918 6065156367 1447161152 672670300 296999474 339234339 386606054 196674368 84020248 23672864 5914996 253416 
1818408804 4825545520 1426629603 596887292 164878524 75889110 120483085 99472913 46103060 28672726 11617943 4552739 
764412324 3757670209 1835940425 749872818 200797069 82593938 75037524 85049007 45324475 24109940 14151291 7590956 
440943710 2995981474 2086685274 866560702 286439083 156336389 140393398 122713051 104292086 64175120 45817154 15948979 
424301826 2120589981 1434416249 987510884 390111163 230906462 188040360 153780402 113002337 107062122 47786945 26702805 
151780107 1130439237 1032699858 749875783 288275151 99477556 70982267 57929981 34709742 23151792 11847543 3026515 
50346040 701074353 925420065 824082681 347630985 160266074 101233397 57882671 23819031 11317615 10599804 8918836 
41589632 211562626 534308946 893648810 525225559 229912729 138011367 61909939 27315978 14175939 8940873 7512938 
26284277 113886454 172645568 378423488 474664062 268202440 199794208 125239451 61540673 33963506 12946729 13485959 
1051979 258182135 328213038 213879380 297868220 291706731 246337891 172456233 88240500 40942259 24382793 14822833 
30202199 8641807 73015906 244326293 230874122 178697736 121964607 101529390 58127694 37824627 21412649 22589072 
28515847 171585286 26628639 224618068 242881331 181944531 114559147 80079238 46180847 19241141 13213454 10440016 
3563781 198560862 124113386 62280901 66534275 39255316 58242990 39590158 12349296 4251020 4159759 1449630 
8458554 36974470 49024904 123861545 36986430 28520118 46260683 6577472 4572279 1071234 731933 152225 
265360.8 42571977 132937499 144299506 152898105 36869468 16117173 2964092 168420.3 110711 170066 36226 
9003651 108359360 185302724 196124904 83058887 12144830 2587487 572479.9 228088.2 14638 93772 113918 
3392947 57383285 106703183 115046216 96152700 52112995 13241062 4156443 1837076 323514.7 114428 127621 
69248465 321583658 101203241 72593038 72623520 46853462 18464350 7830918 2117572 2365064 738791.3 235164.5 
2996652 153031159 169320805 144311479 92546385 52765810 24442100 14830695 4732069 1753710 2134212 711046.2 
19146168 135388787 101925326 105378801 104711166 71239886 44308592 28288651 19587721 8719273 3238636 6689726 
14024347 155732386 211022227 175696554 152209234 78504254 45770591 25791680 13163526 5905053 5133073 1774450 
753500 84726864 162289669 203186400 222710955 132286644 79024091 40855880 10835194 1661558 449645.5 241423 
0 57263845 61228546 96093020 138402278 125722489 86133917 48916800 16154700 2394167 5142333 315933.1 
1566.283 37415.82 149876.5 178101.2 238803.1 185433 115689.6 65573.58 25222.63 7499.563 3398.025 1867.633 
156 4690 38043 124225 177338 168158 113691 62784 24088 12096 3569 3085 
149.197 18858.72 94758.49 176710.8 240896.9 239272.3 150837.7 72259.34 29046.54 11432.29 1645.048 512.238 
0 44722.8 150345 294828.5 343070 283430.4 214558 94077.2 36308.71 13184.17 1344.906 1973.347 
57.67582 3109.249 114127.8 375122.5 533230.3 348169.6 229842.1 154511.1 69057.14 23025.29 5612.912 3663.255 
0 12815.6 11778.97 22045.07 114435.3 94137.87 63032.4 20419.63 2220.761 2639.579 709.7147 17.34785 
1870000 2845731 1128654 802499 1193458 1192494 875392 541953.9 317662.7 165531.4 100279.2 18306.12 
5086865 11200000 13395720 20445190 17755489 5499933 2698909 1901181 1040270 1076591 220461 205478.2 
130565620 27826390 23803364 9300758 3897235 2770576 1244499 383732.9 14652.8 46396.92 0 0 
11201962 15441251 5198907 8857607 13270938 11313070 6169393 2464922 711796.3 86187.06 52710.98 30763.85 
21380699 36887883 8603250 8935428 8754172 9246415 9315289 6594608 2162047 498731.1 898427.2 538111.5 
3034963 11224830 5124603 770038 273400.2 217340.3 253205.1 69203.32 8221.747 5148.715 2136.145 0 
13279.65 44760.81 107827.4 28181.24 15482.54 4128.794 427.1702 110.7467 221.9397 10.74586 0.04127727 3.484998 
4976982 236217346 28319410 23236196 33319994 9890154 6222675 4302234 1859042 1087831 621513.8 145730.4 
1375.539 51360.56 121217.9 138752.6 27485.73 13618.09 7918.291 6459.195 3672.196 1706.498 450.7671 353.3342 
849718.5 10264519 23767541 35082894 19992317 5909408 2130582 366719 92763.83 210.5123 2439.318 0 
92171.14 230390.5 86885.12 4164.757 484.7031 69.11021 0 0 0 0 0 0 
4053.982 49475.32 84722.38 32678.21 4638.108 1464.27 0 0 0 0 0 0 
#Flengthcomp 
0 0 0 0 0 0 24.08707 133.8822 353.5242 1070.238 1764.657 1924.037 2150.49 3697.327 4761.301 4287.613 2516.81 695.32 530.4542 742.1356 799.9871 838.3204 1036.766 1149.204 1232.246 1444.094 1400.232 1201.048 928.6985 1017.904 1070.377 1036.753 840.3502 759.3712 639.0843 489.7107 446.3124 380.7471 349.5522 386.5837 2219.44 
0 0 0 0 0 0 0 0 0 0 0 0 2.839918 10.16737 46.00688 122.4872 575.1052 1490.752 4983.502 8747.861 8495.302 6752.858 3654.517 3286.663 2463.33 1946.364 2288.4 2765.062 3300.911 3670.112 3995.599 3210.498 2461.241 1924.232 1461.04 1571.017 1318.722 991.382 803.2533 710.586 3001.152 
0 0 0 0 0 0 0 0 0 0 0.05692668 0.304809 3.438926 17.6706 15.84325 3.182948 23.66981 1234.135 17637.86 48778.52 61251.62 45565.01 29926.92 18691.93 8561.468 6606.665 4584.497 2530.634 4040.353 3307.261 1942.146 1210.264 1612.037 1870.043 1537.616 1120.38 922.9449 459.7668 880.586 799.7727 13892.67 
0 0 0 0 0 0.284778 11.26704 55.06956 65.75401 76.54397 70.97553 35.55173 47.27853 79.78599 308.2004 887.3622 882.9687 746.1965 1998.195 2932.935 4095.437 6834.02 10655.55 12495.71 11652.65 8805.278 5838.341 3173.927 1669.565 423.6394 149.8237 48.30271 36.19033 6.668847 73.62569 57.62527 127.2793 492.9349 206.0862 487.6538 4384.963 
0 0 0 0 0 0 33.34113 53.08202 166.4011 91.83773 172.7463 174.7303 109.1435 88.78849 196.6589 349.6816 641.0224 1441.725 2613.75 3208.186 3359.211 4430.35 7622.093 10706.76 11308.81 9354.682 6446.171 5629.474 5305.563 4490.734 4024.691 3100.7 2596.668 2221.137 1835.748 1792.9 1642.674 1559.448 1223.948 1178.775 2605.679 
47.86431 54.0831 1430.905 765.4186 0 450.36 965.4872 803.1746 2212.305 6852.217 19647.1 33963.22 34384.27 22340.41 26911.63 48671.37 150376.4 240659.9 179489.4 105349.8 111074.2 102838 97121.71 84421.42 62463.86 44340.35 32996.02 33765.41 39455.83 22532.66 18239.62 11625.35 12241.84 9732.582 7689.056 6724.528 5720.812 3923.386 2753.145 1815.21 9046.192 
0 0 0 0 0 0 0 0 0 149.4974 475.3226 459.7643 2411.001 5418.315 17991.36 61948.67 220222.4 400617.8 242840.1 113846.1 59688.23 42174.07 42037.27 48313.08 47704.25 38856.02 26166.9 14363.68 10345.62 11385.62 10227.42 7094.239 6015.439 4030.295 2344.02 1929.28 1229.814 1007.674 812.5518 517.6326 760.2172 
0 0 0 0 0 0 3752.394 12908.73 5617.627 857.0254 135.4106 303.2935 243.111 3197.299 7966.361 17449.87 21728.8 30538.52 45641.58 51712.33 41220.01 32042.56 23576.92 19519.19 15797.57 15439.94 15786.01 16252.09 14955.69 10664.45 8432.248 7881.738 4282.558 2651.482 2790.808 2096.947 1473.919 1771.248 1435.767 1394.974 2284.445 
2084.782 313.3515 181.1072 2034.868 4203.078 12707.96 6957.737 6620.559 1228.973 1019.497 3430.21 5555.279 5951.126 2965.92 2120.909 2476.074 7232.901 16902.28 20072.31 39021.94 56008.62 56688.08 36531.33 29567.24 23240.4 16678.23 11560.94 4646.969 2622.303 2948.037 2446.518 3197.394 2893.668 2469.63 2075.438 1499.87 854.5482 489.9797 411.4006 346.9115 631.3976 
0 0 0 0 0 0 0 0 4.441729 31.82686 100.1857 484.4914 2413.106 3701.947 3247.814 4172.987 6029.514 10302.49 11572.23 11370.88 13749.18 11561.8 8808.812 6897.839 5148.864 4628.886 3872.881 3023.693 2139.033 1131.918 558.8304 507.2478 522.1016 302.2197 186.3531 117.7135 290.3714 144.2543 74.58168 93.05334 175.939 
44.34397 50.69817 101.7307 349.5103 994.366 1280.475 4315.495 5529.64 7118.09 6443.188 1637.159 722.1908 345.5519 286.8394 486.8801 973.3326 2745.906 11459.75 28758.13 32648.79 21720.23 12519.98 9148.624 6808.372 4906.572 3752.748 3413.311 2429.441 1392.678 1088.767 794.6805 698.4631 678.2315 618.289 488.4486 385.7855 317.3941 263.5802 213.9374 132.396 166.9413 
0 0 0 0 0 0 0 0 0.2714638 1.49958 61.88935 193.5086 1247.464 2490.503 3437.759 7062.195 8556.81 8464.325 12590.82 27437.07 40022.22 39888.44 32154.85 24640.49 18366.74 11132.61 6134.312 2203.843 1272.563 916.7859 374.8896 221.5393 164.0925 85.72671 86.50313 99.23531 84.65104 51.11463 60.14036 16.97819 25.80895 
0 0 0 100.5929 938.2571 2059.207 970.501 266.7574 0 0.03315509 338.9596 1349.697 3758.791 9483.561 15685.32 29622.3 39865.12 46316.6 37376.21 58585.19 64501.98 56746.58 49222.78 36266.42 25533.65 17557.31 11531.3 7062.804 4554.466 4141.021 5250.332 4082.475 3259.109 3633.903 2789.228 1517.546 534.971 321.8577 136.9796 82.55084 252.3288 
0 0 0 0 0 0 0 0 0 0 0 87.74614 261.6428 370.5873 870.2888 3501.621 6203.737 16403.24 20121.05 20050.46 21832.34 19313.24 15032.6 11309.62 9907.072 8708.216 7990.842 6911.21 5654.291 4010.432 3328.111 2827.404 2655.062 2027.345 1708.981 1340.62 1029.416 680.5919 416.7027 279.7967 529.3777 
0 0 0 0 0 4.66337 2191.198 4541.674 7576.56 9583.755 9903.358 7524.529 5982.168 4950.954 3862.94 2190.539 890.0532 609.5444 508.2159 742.4149 1689.091 4144.797 7262.694 10541.63 11333 10772.98 8207.242 4939.345 3233.985 2268.691 1779.768 1292.12 1140.465 942.0503 712.456 613.7973 572.1629 513.77 395.2567 312.3382 655.3748 
0 0 0 0 1707.043 10649.59 15539.75 8858.234 3273.022 2653.791 6289.643 9030.533 12003.91 20043.88 26224.51 25574.57 23152.69 16712.03 7738.682 6104.168 4477.964 3029.205 2926.753 2581.697 2253.106 2315.738 1555.318 1149.975 986.0393 709.4992 422.9115 199.5974 128.4117 60.69087 21.34167 23.3618 29.56663 42.56533 59.7458 55.32022 58.09636 
0 0 0 0 0 0 0.1637461 19.48169 98.75545 119.4827 284.0162 1207.141 6473.461 28459.93 70501.67 93308.29 81856.87 58294.83 37560.63 22842.53 13524.64 8313.495 6259.369 4803.272 4117.566 3377.826 2717.11 2085.11 2335.401 2202.821 2191.608 2078.093 1780.689 1410.269 993.565 650.3069 351.3574 263.2624 213.498 142.2961 522.5076 
0 0 0 0 0 0 0 0 46.64364 755.7065 1503.605 837.3896 1089.757 1165.077 3665.319 13469.74 22322.94 42916.33 52007.12 47039.07 41584.26 34667.87 29677.85 25763.65 21387.54 16238.03 11261.72 6663.745 5319.692 3071.638 1840.088 1518.666 1041.597 902.6513 703.0875 452.0763 397.2761 264.1134 79.36796 119.7617 46.29886 
0 0 0 0 0 0 0 0.6012435 151.6903 919.6275 2201.298 4371.543 7031.218 5831.358 3130.099 1795.408 2202.273 6423.033 29878.31 55018.92 67837.87 56047.97 44065.66 41874.92 40323.59 34141.62 27453.67 21039.53 12980.24 10702.74 6052.612 3312.025 1906.261 1210.657 649.0422 379.5233 177.7159 192.6105 215.0959 228.584 2337.676 
0 0 0 0 21.52731 23.89799 65.62954 99.67522 1155.065 2563.749 1507.481 2450.485 3483.236 4608.722 8767.486 14643.18 15216.09 19033.01 21895.79 37014.35 50749.84 50942.54 39878.27 34785.87 29100.99 22052.62 17063.91 11006.45 3938.161 2319.521 1829.074 1318.137 201.1262 56.85459 11.95694 5.773721 6.198373 72.21781 25.87447 12.0771 93.16546 
0 0 0 0 0 0 0 0 0 24.87923 299.3161 1412.119 2511.304 6254.118 9919.537 5080.567 3926.318 7688.79 14450.35 14420.39 18313.8 24422.74 30080.71 26758.34 20270.45 15554.79 12877.56 8722.4 6354.062 6443.211 4470.867 2540.495 1282.344 667.169 374.064 353.6764 315.3998 296.8588 217.9994 428.4408 2456.203 
0 0 0 0 0 0 0 2.655867 52.76602 658.6581 6040.502 62712.52 77234.21 48134.06 71199.75 54316.28 60185.18 53224.73 26391.71 21963.38 26381.87 24892.54 24178.05 19315.1 11187.72 5100.625 2751.485 1499.117 1387.073 464.5411 255.6894 239.7794 125.8813 0 0 0 0 0 0 0 0 
0 0 0 0 0 0 79.17315 217.9823 313.6344 429.8533 1042.122 3135.926 5577.595 6922.14 8503.434 16455.93 34703.97 32445.9 35991.36 75813.79 87974.62 64192.22 40255.15 26861.85 18537.02 13492.49 9830.127 8082.311 6281.939 4841.197 4151.623 5156.032 3686.43 2484.782 3195.406 3183.78 2021.184 1308.037 1170.023 1357.744 10666.35 
0 0 350.4204 6375.768 34334.23 31656.97 9144.408 1144.143 4468.183 13537.42 25792.23 28875.24 28926.53 36470.04 46891.44 59585.38 92861.2 113811.4 134156.5 169962.9 188584 142653.9 80822.96 42749.13 23990.18 15469.45 11136.81 8052.515 5785.445 4561.216 2902.635 1930.11 1464.222 1011.053 800.9161 713.3285 457.6731 225.7477 215.8925 70.53186 2525.877 
3524.708 3524.708 8235.982 12976.63 17369.89 36446.43 28076.69 7760.404 6271.435 20560.79 46291.26 115265.4 194682.9 223980.1 200952.4 144729.2 127570.7 136940.7 173565.6 165508.6 122498.2 99370.62 66524.21 36912.97 16606.11 7159.704 3588.811 1943.899 597.9488 431.9399 299.8245 161.1055 81.83471 25.14593 26.62528 12.22627 2.027223 1.147094 0.2199584 0.9339903 0.2572475 
0 0 0 0 111.2805 145.6593 10.08 0 7.651956 400.3345 3446.967 10186.01 25551.72 77634.7 215986.5 275737.2 171846.3 136748.7 259419.7 429496.5 477031.8 269490.2 92553.45 45963.03 20857.19 6711.146 2146.605 1179.165 904.1985 234.605 340.0714 112.6209 113.5504 140.5317 12.66759 0 17.90272 6.111661 0 0 0 
1.392219 24.98716 267.8357 3462.011 13611.47 9835.361 5200.909 26186.13 87549.31 109149.4 87487.6 88483.38 143276.6 329208.6 478667.2 369571.5 193059 99352.53 55762.61 32938.93 26788.7 24338.8 17496.35 7892.751 4059.525 2076.268 1181.414 678.7146 642.1126 238.0843 194.363 182.2394 179.8319 181.2893 102.2634 83.57489 25.87275 8.295785 5.097979 2.80724 16.83709 
0 0 0 21.41441 370.2346 2972.134 3312.484 5175.284 17990.88 34634.54 49067.93 69010.37 99515.61 112270.5 118104.4 113169.5 125631.9 97238.3 46216.5 21713.36 14445.67 7902.821 4940.49 3933.315 2663.318 1908.849 2636.649 1682.113 729.0933 1093.775 797.4598 507.5433 459.436 286.7992 310.3568 177.1494 75.68507 0 143.5339 115.8498 0 
0 19.8838 131.1515 456.9195 550.9817 443.4567 405.7863 5343.955 32033.33 83685.26 126946 164282.1 142435.9 116566.8 144664.5 167515.7 141187.9 167334.8 154155.4 90572.74 34821.69 9730.667 1942.438 378.3449 167.8293 91.98927 145.4572 250.3278 131.1527 94.35914 24.5455 9.360869 3.597981 1.689233 1.522371 0.7771393 0.5958178 0.3122228 0.03794011 0.01287875 0.9153197 
89.80905 208.6937 4570.506 6718.156 4371.886 1934.038 1622.923 2181.505 2139.832 4728.687 20492.75 61195.38 153720.1 298060.7 436290 519145.5 626854.8 653676.6 406133.7 191206 56964.43 14647.98 3874.484 488.018 125.6603 188.6377 52.5164 0 0 0 0 0 0 0 0 0 0 0 0 0 0 
10.84988 10.84988 153.39 293.8516 182.0213 113.4662 87.53341 35.04364 134.5842 763.5245 2496.329 7236.934 15244.2 18957.52 15612.36 11212.87 18127.09 54592.03 101469.3 108745.3 93429.66 57871.24 24086.44 8198.979 3665.706 1638.817 502.595 122.2338 7.139744 0.01982865 0 0 0 0 0 0 0 0 0 0 0 
0 0 0 0.6231181 10.40277 353.9872 1846.711 4525.821 10342.3 16527.21 30908.96 55569.87 73751.62 66039.24 53769.02 58749.86 81598.58 91529.51 65841.07 45400.74 37242.95 32653.36 36807.36 43457.85 35446.59 20532.99 9243.403 3631.334 934.8286 127.4667 48.99246 23.39493 4.752671 0 0 0 0 0 0 0 0 
0 0 0 0 0 0 0.4496763 52.73882 545.1268 1267.111 961.6512 1367.48 2590.773 2569.538 2516.395 5657.608 14083.08 30316.5 39782.9 42320.9 52260.12 63559.82 60295.92 45660.64 36343.02 31823.16 22302.99 12333.7 6399.502 2977.721 1218.216 544.5289 152.5647 46.18061 23.58684 3.909969 0 0 0 0 0 
0 4.029743 3.159807 0 90.13611 247.6429 1652.764 17865.79 34863.15 42106.32 42333.08 39517.47 30034.2 13241.11 5998.198 3954.416 4343.764 2831.896 2678.027 1573.156 1172.339 332.9418 134.4933 174.728 573.4453 2892.565 9823.893 19303.5 19854.98 11420.56 5513.791 3207.584 1578.386 741.7932 249.1822 60.17903 5.072154 0 0 0 0 
48.84665 48.84665 311.3694 355.4926 106.4911 7.80516 4549.76 617202.4 4506695 10861780 15092430 16322731 14071778 10713269 7279624 3421974 1370600 871724.3 1030819 1085514 1036346 717013.9 397406.9 138175.6 20278.4 6226.815 3581.347 2062.441 2567.642 2175.067 4259.245 8784.3 3389.623 2516.172 736.8332 525.2479 355.8972 90.90821 5.147878 198.8676 0 
0 34.1253 304.4184 2318.42 4564.817 1930.765 1725.769 2498.745 2980.9 4241.239 5148.628 7087.287 30963.58 79158.96 87747.22 63519.32 60975.07 45548.53 37695.35 58873.94 87303.93 93416.34 78040.29 55327.06 32697.15 15089.71 6054.543 2294.486 1085.297 423.895 103.4189 10.6711 6.385813 12.0852 3.999911 3.999911 11.49431 6.558361 6.522982 0.4630265 0 
0 0 0 0 0 0 0 0 0 16.69657 137.9013 516.8326 1500.183 3185.305 4300.823 5131.123 7906.933 18971.33 55435.9 96867.12 102557.4 73717.67 40278.98 20130.36 10619.73 6900.15 6946.43 5678.002 3100.083 1037.418 350.7776 116.9418 31.76611 17.96696 0 0 0 0 0 0 0 
0 31.40512 170.641 969.5127 2521.742 4047.186 9392.448 17603.12 26767.21 35196.08 36667.36 35566.94 32054.49 34053.82 33660.86 20337.51 12196.68 8890.406 8627.208 9668.986 7345.33 4366.225 2059.974 1282.427 1489.537 2808.292 5206.044 9443.294 10077.33 4936.756 1943.898 581.1667 164.2823 58.94356 6.160169 5.628928 2.243833 2.68758 0.4559474 0.03869278 2.052809 
0 0 0 0 0 16.12128 155.3142 1010.04 2709.382 2900.852 2720.301 6069.407 20107.72 25278.88 17680.8 11289.03 7355.328 3877.046 1617.598 1402.321 624.5538 478.8908 87.51179 41.98302 19.69171 42.54268 13.72558 1.467194 38.19984 1.283872 0.7663018 0.7152911 0.9790779 1.982971 2.909953 4.509606 6.783885 9.289487 12.77815 8.381418 6.280963 
36.58742 36.58742 386.939 352.0348 168.9609 187.8824 131.3627 467.3141 1702.622 2808.555 4392.731 5302.41 5607.374 13619.1 40710.54 84662.01 140873.9 169996.8 173223.3 177715.9 114089.3 29709.34 3479.72 545.1986 111.8619 6.831151 0.1029001 0.1056574 0.0696865 0.1334862 0.1157334 0 0 0 0 0 0 0 0 0 0 
0 0 2.761498 7.771613 19.8476 30.87218 45.43762 113.4458 351.8067 869.6489 2086.97 3717.675 4664.352 4772.702 4034.106 3732.816 4360.842 5154.6 2809.601 1493.923 7188.669 34901.84 74261.55 78180.52 77185.24 61662.97 26039.26 7454.19 2336.557 906.2332 345.4276 99.31265 20.91847 0.3481307 0.8014557 0.6208259 0 0 0.2253253 2.494936 5.134744 
0 0 0 21.585 124.6638 520.2933 3898.644 14595.47 39911.72 46291.05 35489.85 25926.7 16853.62 9129.349 6112.696 7785.662 7353.607 10735.76 13982.18 18159.71 13273.64 6058.889 5414.836 3323.376 1635.319 953.535 1000.692 2343.755 8938.553 15720.81 9710.289 4470.908 1315.858 150.5272 10.07286 0 0 0 0 0 0 
0 0 0 0 0 244.8483 1213.886 3620.785 10001.17 23471.95 25156 19486.86 19652.79 18753.87 15033.42 15660.91 15720.36 12568.56 18183.35 36260.11 41701.57 23587.72 9881.959 5149.227 4625.589 4022.924 1847.936 764.6388 157.751 35.66893 1.372839 0 3.472406 6.400926 1.410853 0.4258216 0 0 0 0 0 
0 0 13.18813 52.14522 131.9265 330.0269 1389.711 2000.612 2827.338 2211.353 3245.934 5105.413 8817.172 11141.4 13065.52 14184.56 12401.15 9992.773 7560.968 5595.475 4255.963 2706.498 1393.923 1025.465 555.5963 395.4919 150.8856 80.56689 20.71061 18.95918 7.327533 2.958734 0 0 0 0 0 0 0 0 0 
0 0 0 0 0 0 0 3.323954 43.23685 136.1679 319.4934 569.8305 1246.544 2514.088 3240.314 3507.892 4128.864 4539.604 4002.942 3648.101 3530.065 3603.988 3118.14 2799.387 2449.794 1926.056 1115.782 588.1316 347.4366 209.7014 205.2249 143.411 23.92222 15.18848 5.583815 4.210208 7.104041 4.151819 0.4266597 0 0 
0 0 0 0 0.5350885 20.45555 29.55518 67.20165 220.0056 516.9258 1038.755 1932.512 2810.884 2932.815 3377.444 4212.941 5492.233 5418.992 3870.513 2364.129 1902.683 1454.745 1158.448 1027.462 847.1495 546.6763 356.2315 242.0198 139.4331 40.16092 24.46978 9.989221 1.437784 0 0 0 0 0 0 0 0 
0 0 0 2.871544 7.442811 244.4938 1341.627 2041.859 1927.756 3784.381 5072.178 5240.353 6087.57 8622.074 19215.69 34700.71 49324.4 43442.07 22358.85 9779.887 7349.289 6800.352 5503.626 4006.717 2659.891 1780.47 1474.941 987.9945 806.0696 639.1244 418.0082 284.4302 152.4089 119.7341 104.5402 31.88817 15.0727 0.5069215 0.03220948 0 0 
0 0 0 0.6585099 0.2283721 10.25075 14.22195 61.75843 118.7479 192.7728 385.3055 624.0174 913.994 1599.037 2736.395 5453.038 14579.49 8812.386 15086.01 26006.29 38660.33 53405.55 57797.47 45202.25 28310.37 16203.12 9195.92 5496.742 3561.967 1769.113 1000.874 596.3055 158.4671 113.3599 77.79615 27.94391 10.64951 2.182422 0 0 0 
0 0 0 0 0 0 0 1.787268 21.24939 52.82536 157.9209 461.1571 800.6219 684.6199 596.5736 504.9317 567.3608 1861.538 4970.583 8017.538 13597.54 21303.46 30985.41 44110.76 55284 51425.93 35769.88 20682.41 13778.08 6477.477 2681.353 1204.239 482.0635 155.2716 75.30744 49.91407 28.74871 11.94013 1.484446 0 0 
0 0 0 0 0 0 0 0 0 0.1039656 3.314318 58.81464 166.8292 195.0742 180.6078 202.563 273.7587 469.6322 829.9994 1113.275 1757.504 2448.335 3715.644 6101.951 9357.405 12202.24 14151.64 15082.71 15459.85 18145.55 17997.55 16862.63 11824.87 8004.41 4411.428 2378.494 1405.75 627.5493 280.8676 137.1851 173.9757 
0 0 0 0 0 0 0 0 0 3.107968 7.664885 5.171242 12.11359 19.10616 92.69099 195.2291 687.4529 1589.63 2840.869 4459.663 6443.653 7142.932 7301.359 8822.329 11966.21 14981.25 16931.17 16181.86 14130.83 12436.27 12664.09 14646.33 14312.22 14202.69 12896.44 10597.37 7619.764 5291.696 3636.959 2087.727 2579.328 
0 0 0 0 0 0 0 0 0 1.914151 8.619813 11.7456 29.93556 85.02036 149.3998 226.5305 523.6074 1052.746 2429.513 4816.532 8912.25 14894.3 19815.77 19558.22 15793.64 13184.48 11139.35 11916.09 13593.28 15279.67 16882.13 16898.33 16276.17 15796.45 15033.33 14654.79 14382.78 13113.68 11087.93 8881.596 17616.1 
0 0 0 0 0 0 0.9045429 3.768835 4.21929 9.167724 55.04535 178.2832 259.1639 321.0857 585.3542 896.26 1105.847 1196.664 1315.34 1063.917 1171.018 1599.437 2422.082 3267.605 4451.792 7715.807 11722.5 13486.69 13725.44 14011.15 13188.68 14780.01 16270.87 16203.42 15238.06 13749.92 11898.35 11164.72 10917.1 10793.76 35941.85 
0 0 1.286577 0.6882151 0 0 14.71188 34.96302 129.8439 242.1743 349.946 555.6556 998.733 1688.579 2357.039 2168.022 1820.661 1724.284 1520.708 1525.051 1293.127 1441.109 1975.769 3284.621 4756.81 5604.301 6053.385 7031.721 8153.954 8785.32 10930.3 12619 14800.31 17073.1 19568.94 18744.02 14910.44 11102.35 6763.591 4438.468 6668.991 
0 0 0 0 1.348779 8.588744 5.659947 10.78573 40.09407 167.1803 453.6502 751.3047 1020.53 1323.714 1766.201 2186.865 2393.587 2613.82 2139.951 1595.564 1051.442 780.9661 743.7428 706.0362 705.4278 736.2087 663.7453 489.1192 454.4287 491.9251 710.3387 1029.65 1330.774 1425.512 1504.148 1844.972 2343.442 2039.285 1622.838 1252.811 1588.011 
#Fwtatage 
0.1083413 0.1554059 0.2472602 0.3143437 0.3878198 0.5098555 0.6534656 0.7799549 0.9487193 1.152912 1.348908 1.574944 
0.1083413 0.1554059 0.2472602 0.3143437 0.3878198 0.5098555 0.6534656 0.7799549 0.9487193 1.152912 1.348908 1.574944 
0.1083413 0.1554059 0.2472602 0.3143437 0.3878198 0.5098555 0.6534656 0.7799549 0.9487193 1.152912 1.348908 1.574944 
0.1083413 0.1554059 0.2472602 0.3143437 0.3878198 0.5098555 0.6534656 0.7799549 0.9487193 1.152912 1.348908 1.574944 
0.1083413 0.1554059 0.2472602 0.3143437 0.3878198 0.5098555 0.6534656 0.7799549 0.9487193 1.152912 1.348908 1.574944 
0.1083413 0.1554059 0.2472602 0.3143437 0.3878198 0.5098555 0.6534656 0.7799549 0.9487193 1.152912 1.348908 1.574944 
0.1083413 0.1554059 0.2472602 0.3143437 0.3878198 0.5098555 0.6534656 0.7799549 0.9487193 1.152912 1.348908 1.574944 
0.1083413 0.1554059 0.2472602 0.3143437 0.3878198 0.5098555 0.6534656 0.7799549 0.9487193 1.152912 1.348908 1.574944 
0.1083413 0.1554059 0.2472602 0.3143437 0.3878198 0.5098555 0.6534656 0.7799549 0.9487193 1.152912 1.348908 1.574944 
0.1083413 0.1554059 0.2472602 0.3143437 0.3878198 0.5098555 0.6534656 0.7799549 0.9487193 1.152912 1.348908 1.574944 
0.1808278 0.2087755 0.2633333 0.3382963 0.4339371 0.4619997 0.4987267 1.062208 0.9840867 1.144385 1.350005 1.550582 
0.2054582 0.2350948 0.2867797 0.3528091 0.4242458 0.4998624 0.6012975 0.7354709 0.9840867 1.144385 1.350005 1.550582 
0.1636503 0.1923338 0.2362049 0.3014684 0.35445 0.4224571 0.4597356 0.489508 0.7386844 1.144385 1.350005 1.550582 
0.121554 0.1908317 0.244735 0.3094295 0.3757042 0.4285458 0.4845665 0.4856115 0.5292549 1.144385 1.350005 1.550582 
0.1570446 0.1735583 0.2413098 0.3229878 0.387439 0.4425778 0.5103614 0.5585764 0.9840867 1.144385 1.350005 1.550582 
0.2090975 0.2057974 0.2746434 0.3444275 0.4058752 0.4817998 0.5532299 0.5945603 0.9840867 1.144385 1.350005 1.550582 
0.0832802 0.1660106 0.2791706 0.3583185 0.4322058 0.5234327 0.5587558 0.7161179 0.9840867 1.144385 1.350005 1.550582 
0.1590127 0.1630467 0.2370581 0.3347242 0.4322563 0.4910378 0.5420361 0.5448677 0.9840867 1.144385 1.350005 1.550582 
0.1778117 0.21376 0.2507143 0.2958118 0.3824966 0.5813812 0.6896011 0.8522619 0.9840867 1.144385 1.350005 1.550582 
0.1372251 0.193525 0.2519578 0.297345 0.3544023 0.4958745 0.5794554 0.5465612 0.7012168 1.144385 1.350005 1.550582 
0.1162022 0.2377396 0.2926633 0.337878 0.3861125 0.4901273 0.6877694 0.6766677 0.9504298 1.144385 1.350005 1.550582 
0.1439557 0.1647319 0.2826775 0.3436108 0.3883955 0.4397735 0.7391547 0.855417 0.7753098 1.144385 1.350005 1.550582 
0.1160919 0.1590657 0.2593487 0.2851071 0.341574 0.3942182 0.4711396 0.6731199 0.9840867 1.144385 1.350005 1.550582 
0.1332316 0.1302289 0.2584095 0.3341063 0.3789038 0.4320609 0.5200202 0.6377386 0.8145088 0.9349997 0.9599598 1.550582 
0.1053357 0.132405 0.2816799 0.3215695 0.3787916 0.4360745 0.5084511 0.58351 0.9840867 1.144385 1.350005 1.550582 
0.07237487 0.1472323 0.2703496 0.3396642 0.3936783 0.3945023 0.6322675 0.8522619 0.9840867 1.144385 1.350005 1.550582 
0.1171299 0.1514152 0.2027182 0.2296747 0.2836721 0.3881415 1.319653 0.8522619 0.9840867 1.144385 1.350005 1.550582 
0.1618985 0.1498677 0.2247601 0.291273 0.4253144 0.5557969 0.7035318 0.8522619 0.9840867 1.144385 1.350005 1.550582 
0.1828741 0.124466 0.2459942 0.2854506 0.3394465 0.4112025 0.7035318 0.8522619 0.9840867 1.144385 1.350005 1.550582 
0.1111429 0.09493377 0.2656743 0.3063742 0.3697339 0.6119309 0.7035318 0.8522619 0.9840867 1.144385 1.350005 1.550582 
0.06062325 0.1729691 0.2320196 0.2561545 0.4563926 0.5557969 0.7035318 0.8522619 0.9840867 1.144385 1.350005 1.550582 
0.1168846 0.1158529 0.2077776 0.2893289 0.4001102 0.5557969 0.7035318 0.8522619 0.9840867 1.144385 1.350005 1.550582 
0.09680032 0.1325918 0.2403284 0.3238746 0.3890515 0.4826654 0.7035318 0.8522619 0.9840867 1.144385 1.350005 1.550582 
0.09533144 0.1115449 0.2337904 0.313872 0.4221998 0.4777309 0.5095262 0.8522619 0.9840867 1.144385 1.350005 1.550582 
0.1397537 0.1820871 0.1993592 0.2460854 0.3595319 0.5557969 0.7035318 0.8522619 0.9840867 1.144385 1.350005 1.550582 
0.08361862 0.1338314 0.2232978 0.2651011 0.2944314 0.6598041 0.7388012 0.8522619 0.9840867 1.144385 1.350005 1.550582 
0.07715216 0.1266478 0.2020969 0.3856408 0.4574256 0.5293303 0.6357077 0.8522619 0.9840867 1.144385 1.350005 1.550582 
0.1157555 0.1395462 0.217312 0.2961324 0.4011291 0.5393338 0.6583547 0.8522619 0.9840867 1.144385 1.350005 1.550582 
0.05257415 0.1000209 0.2462472 0.28972 0.3888821 0.5921569 0.6294711 0.7611534 0.9840867 1.144385 1.350005 1.550582 
0.08785866 0.1260027 0.2462381 0.2859746 0.3339393 0.5341796 0.7035318 0.8522619 0.9840867 1.144385 1.350005 1.550582 
0.05596999 0.1019398 0.2311051 0.2866915 0.4011559 0.6024806 0.7010418 0.8522619 0.9840867 1.144385 1.350005 1.550582 
0.06397631 0.108918 0.2751535 0.3246039 0.3820431 0.5557969 0.7035318 0.8522619 0.9840867 1.144385 1.350005 1.550582 
0.04693012 0.179047 0.2521815 0.3492373 0.3613665 0.5557969 0.7035318 0.8522619 0.9840867 1.144385 1.350005 1.550582 
0.06365118 0.06396216 0.2841003 0.3900747 0.4406254 0.6570541 0.5204606 0.8522619 0.9840867 1.144385 1.350005 1.550582 
0.05220643 0.104713 0.2180101 0.28288 0.4299356 0.5527657 0.7035318 0.8522619 0.9840867 1.144385 1.350005 1.550582 
0.03733641 0.184851 0.2791115 0.3687216 0.4372018 0.6076971 0.7787995 0.8522619 0.9840867 1.144385 1.350005 1.550582 
0.1644079 0.1754634 0.2330841 0.2936427 0.366497 0.4988031 0.7181823 0.8603901 0.6579751 1.144385 1.350005 1.550582 
0.04939622 0.1581078 0.1921761 0.2590688 0.3321864 0.4513515 0.6002911 0.5284094 0.9840867 1.144385 1.350005 1.550582 
0.03374934 0.129107 0.2478912 0.2773394 0.2794467 0.5557969 0.7035318 0.8522619 0.9840867 1.144385 1.350005 1.550582 
0.02501356 0.1789163 0.2840498 0.4709409 0.5010687 0.5276186 0.732435 0.852934 0.8879844 1.279738 1.695085 1.806153 
0.06780253 0.2107007 0.242154 0.3026821 0.3973548 0.4735262 0.7704152 1.065567 1.351351 1.568029 1.350005 2.293855 
0.04185013 0.1474796 0.457128 0.4518323 0.5361883 0.6550411 0.745195 0.9232431 1.001745 1.097865 1.192563 1.804035 
0.02695712 0.2437085 0.4040462 0.5199185 0.6056176 0.6841655 0.7920937 0.8163369 1.065034 1.120026 1.192563 2.6586 
0.01017999 0.2115015 0.3180428 0.5056271 0.5899368 0.6739847 0.804525 0.8304226 0.8643721 1.229368 1.22361 1.489292 
0.134985 0.2432608 0.3055133 0.3750852 0.5069849 0.6857517 0.8424058 0.9719244 1.055063 1.251801 1.313557 1.489292 
0.09975138 0.2877603 0.3967412 0.4174458 0.5053679 0.6321937 0.8538674 0.9551094 1.0451 1.134575 1.277765 1.263957 
0.1202414 0.1858909 0.2804678 0.4132497 0.4618833 0.5703597 0.9298193 1.092283 1.086051 1.21564 1.188281 1.613694 
0.1569649 0.2021229 0.2713424 0.3456273 0.4440297 0.5700673 0.7093423 0.8673106 1.075719 1.313342 1.578796 1.825753 
0.1569649 0.2021229 0.2713424 0.3456273 0.4440297 0.5700673 0.7093423 0.8673106 1.075719 1.313342 1.578796 1.825753 
0.1569649 0.2021229 0.2713424 0.3456273 0.4440297 0.5700673 0.7093423 0.8673106 1.075719 1.313342 1.578796 1.825753 
0.1569649 0.2021229 0.2713424 0.3456273 0.4440297 0.5700673 0.7093423 0.8673106 1.075719 1.313342 1.578796 1.825753 
0.1569649 0.2021229 0.2713424 0.3456273 0.4440297 0.5700673 0.7093423 0.8673106 1.075719 1.313342 1.578796 1.825753 
0.1569649 0.2021229 0.2713424 0.3456273 0.4440297 0.5700673 0.7093423 0.8673106 1.075719 1.313342 1.578796 1.825753 
0.1569649 0.2021229 0.2713424 0.3456273 0.4440297 0.5700673 0.7093423 0.8673106 1.075719 1.313342 1.578796 1.825753 
0.1569649 0.2021229 0.2713424 0.3456273 0.4440297 0.5700673 0.7093423 0.8673106 1.075719 1.313342 1.578796 1.825753 
0.1569649 0.2021229 0.2713424 0.3456273 0.4440297 0.5700673 0.7093423 0.8673106 1.075719 1.313342 1.578796 1.825753 
0.1569649 0.2021229 0.2713424 0.3456273 0.4440297 0.5700673 0.7093423 0.8673106 1.075719 1.313342 1.578796 1.825753 
0.2030919 0.2009822 0.2371281 0.2754207 0.3275101 0.3750594 0.5037833 0.8612334 0.9951477 1.159295 1.397407 1.534117 
0.1638569 0.1874818 0.2384203 0.2681818 0.3078269 0.3677967 0.4635753 0.7955722 0.9951477 1.159295 1.397407 1.534117 
0.1825628 0.2011661 0.2325852 0.2606243 0.2953161 0.3437894 0.4021003 0.4467673 0.9951477 1.159295 1.397407 1.534117 
0.1200638 0.1664255 0.2494177 0.2838452 0.329637 0.4176232 0.497039 0.6055891 0.9951477 1.159295 1.397407 1.534117 
0.1505348 0.1479664 0.2425581 0.2890085 0.3415929 0.4205233 0.4986646 0.5667258 0.9951477 1.159295 1.397407 1.534117 
0.1919913 0.2042753 0.2326363 0.2994191 0.3655892 0.4523599 0.5368949 0.6268484 0.6954171 1.159295 1.397407 1.534117 
0.1361433 0.2121146 0.2726873 0.3131973 0.4078675 0.4747013 0.5504372 0.6874024 0.9996096 1.159295 1.397407 1.534117 
0.1259414 0.1368658 0.2180562 0.3348158 0.4070682 0.4551333 0.4922724 0.563898 0.8239994 1.159295 1.397407 1.534117 
0.1822906 0.1973105 0.2206887 0.3397598 0.44409 0.4901572 0.5387604 0.801143 1.107982 1.159295 1.397407 1.534117 
0.2111558 0.2236172 0.2572982 0.3103899 0.4364148 0.5361887 0.5793075 0.6247533 0.9483304 1.159295 1.397407 1.534117 
0.1098262 0.2713287 0.3181273 0.3802178 0.4565203 0.5720521 0.6752881 0.7524131 0.7968016 1.484836 1.397407 1.534117 
0.1704744 0.1356418 0.2947525 0.4184593 0.4691518 0.5384668 0.6571212 0.7614801 0.8292949 0.9211298 0.9661431 1.211166 
0.1469132 0.1857306 0.2301513 0.2959775 0.470392 0.5446617 0.6045111 0.7123569 0.8440921 0.967783 1.334361 1.534117 
0.1619597 0.1771304 0.2464664 0.3196657 0.3886246 0.5331162 0.6837792 0.8202819 0.9249876 1.117027 1.827258 1.534117 
0.1953464 0.2264017 0.2873626 0.3466979 0.4535636 0.6142527 0.7832115 0.8835419 1.013909 1.177842 1.581076 1.534117 
0.1735936 0.1895778 0.2662159 0.3390769 0.4245378 0.5626784 0.7969063 1.012164 1.186804 1.425176 1.797483 1.534117 
0.1893029 0.1925645 0.2807511 0.3617778 0.5121545 0.7041861 0.9541339 1.182428 1.355904 1.445308 2.008467 1.534117 
0.1742484 0.1957367 0.2657103 0.3599498 0.5178513 0.6991787 0.88718 1.083549 1.286712 1.528823 1.786438 1.778663 
0.1509109 0.1650645 0.2507305 0.3426146 0.5389495 0.7938069 1.024765 1.218285 1.403722 1.583515 1.933449 2.526217 
0.1607783 0.1667084 0.2590835 0.3377261 0.4942268 0.7894252 1.03884 1.234885 1.396515 1.653717 1.840768 1.95196 
0.1875431 0.1985347 0.2615524 0.3568495 0.4861258 0.800854 1.057831 1.159366 1.310321 1.454356 1.655568 2.052048 
0.1827897 0.2019619 0.2659981 0.335745 0.4551464 0.6135966 0.8679887 1.119457 1.394582 1.568499 1.812766 1.929316 
0.1822036 0.2012994 0.2651834 0.3299343 0.4489459 0.6375906 0.8595344 1.09259 1.312006 1.499319 1.665383 2.07272 
0.1735988 0.1921572 0.2492843 0.3051026 0.4031291 0.5875839 0.7864184 1.025697 1.261034 1.503562 1.733677 1.860694 
0.1954196 0.203685 0.2592072 0.3111681 0.3962746 0.5201817 0.6852567 0.857342 1.065275 1.394546 1.517042 1.771539 
0.082582 0.234478 0.2801149 0.3182222 0.3960397 0.5063872 0.6423895 0.7514278 0.9196058 1.160149 1.323906 1.605558 
0.1143924 0.1855874 0.2887004 0.3494106 0.4129838 0.5122648 0.6184664 0.7598961 0.9379996 1.040574 1.312011 1.724854 
0.1243306 0.1871145 0.2304796 0.3325443 0.4313013 0.5125954 0.624507 0.7766413 0.9092883 1.055941 1.228111 1.541965 
0.03337352 0.2154472 0.2869859 0.3363636 0.4212746 0.5248796 0.620094 0.7263266 0.8799001 1.016186 1.16031 1.479209 
0.1377923 0.1392881 0.2729103 0.3464209 0.4181168 0.5391295 0.623629 0.7589351 0.8920185 1.00727 1.137679 1.398248 
0.09494105 0.1822053 0.2364179 0.3212679 0.4136182 0.5393345 0.6506042 0.796128 1.056248 1.374346 1.560477 1.778165 
0.1978765 0.2022304 0.2956427 0.3602342 0.4783161 0.6403294 0.8059928 1.024834 1.26082 1.450085 1.873952 1.980855 
0.2005579 0.2131461 0.2970146 0.348841 0.4911934 0.6500815 0.8267282 1.061953 0.9679411 1.835302 2.222267 2.795959 
0.2176232 0.2446284 0.3120416 0.3807236 0.4482379 0.5798685 0.713884 0.9259645 1.292328 1.750509 2.08191 2.512122 
0.1917349 0.2653017 0.4181467 0.5439669 0.6432128 0.7854738 0.9132176 1.002492 1.34541 1.592197 2.406573 2.971161 
0.2140241 0.2140062 0.2818678 0.4795617 0.6104215 0.7464198 0.8841498 0.9904708 1.048912 1.238705 1.129591 1.48281 
0.2357683 0.2579246 0.3164536 0.3766218 0.4833772 0.5841827 0.790988 0.8716476 1.132441 1.284122 1.543783 2.045138 
0.1818216 0.2255663 0.2946036 0.3683379 0.4435464 0.5488533 0.6760053 0.921708 1.095721 1.390573 1.741291 1.582858 
0.1053533 0.2408689 0.3039696 0.3757951 0.4928608 0.5935819 0.7710815 0.9223757 1.341552 1.62739 1.791614 2.548984 
0.01872559 0.2677763 0.3054758 0.3926003 0.4817444 0.5780667 0.6825505 0.7590327 0.8876401 1.338831 1.978292 2.906318 
0.06212132 0.2297413 0.3021617 0.4241827 0.5604646 0.686345 0.8131479 1.014132 1.203624 1.366459 1.407528 2.80147 
0.2309736 0.2716323 0.3178626 0.404861 0.5615503 0.6949776 0.8085453 0.9555027 1.114651 1.404356 1.484232 1.692851 
0.025 0.3550284 0.4370807 0.5599096 0.6899499 0.8058254 0.9254017 1.056996 1.231054 1.127778 1.414616 1.620497 
0.196 0.2749107 0.4041114 0.5110605 0.6127801 0.7362143 0.9345604 1.057217 1.244188 1.367907 1.539526 2.127844 
0.196 0.3249415 0.3494607 0.4156978 0.5054435 0.6083469 0.7995786 0.9409936 1.181783 1.310979 1.483362 1.89523 
0.1466409 0.3792459 0.406406 0.4319398 0.480508 0.557267 0.6904924 0.8792248 1.069985 1.176674 1.367878 1.564409 
0.1589229 0.1682511 0.3123456 0.5065025 0.5550952 0.6399905 0.7063585 0.9024656 1.00191 1.307218 1.374007 1.713745 
0.045 0.171 0.377 0.642 0.945 1.265 1.587 1.9 2.196 2.47 2.721 2.946 
0.045 0.171 0.377 0.643 0.946 1.266 1.588 1.902 2.198 2.472 2.723 2.949 
0.03 0.13 0.306 0.548 0.835 1.148 1.47 1.789 2.095 2.382 2.647 2.887 
0.037 0.147 0.33 0.568 0.842 1.134 1.43 1.718 1.991 2.246 2.478 2.688 
0.038 0.147 0.326 0.558 0.825 1.108 1.393 1.671 1.934 2.178 2.402 2.603 
0.034 0.136 0.31 0.54 0.808 1.095 1.387 1.674 1.946 2.201 2.434 2.645 
0.044 0.16 0.34 0.567 0.822 1.087 1.351 1.606 1.845 2.065 2.266 2.446 
0.032 0.13 0.294 0.51 0.76 1.028 1.3 1.566 1.818 2.054 2.27 2.465 
0.032 0.129 0.295 0.516 0.774 1.05 1.332 1.608 1.872 2.117 2.343 2.547 
0.036 0.138 0.304 0.518 0.762 1.02 1.28 1.532 1.77 1.991 2.193 2.375 
0.036 0.136 0.298 0.506 0.743 0.994 1.245 1.49 1.721 1.934 2.13 2.306 
0.041 0.148 0.314 0.524 0.758 1.003 1.247 1.481 1.702 1.905 2.089 2.255 
0.039 0.144 0.309 0.519 0.755 1.002 1.249 1.488 1.712 1.92 2.108 2.278 
0.042 0.138 0.28 0.451 0.638 0.828 1.014 1.191 1.356 1.507 1.643 1.764 
0.044 0.156 0.328 0.541 0.778 1.024 1.267 1.501 1.719 1.921 2.103 2.267 
0.04 0.149 0.322 0.541 0.789 1.048 1.308 1.558 1.794 2.012 2.211 2.389 
0.042 0.151 0.323 0.539 0.781 1.033 1.285 1.527 1.755 1.965 2.156 2.327 
0.034 0.132 0.294 0.504 0.745 1.001 1.26 1.512 1.751 1.973 2.176 2.359 
0.038 0.145 0.315 0.533 0.78 1.041 1.302 1.554 1.793 2.013 2.215 2.396 
0.044 0.158 0.337 0.561 0.812 1.074 1.334 1.585 1.821 2.038 2.236 2.413 
0.042 0.15 0.32 0.532 0.769 1.017 1.263 1.499 1.722 1.927 2.113 2.28 
0.039 0.142 0.305 0.511 0.743 0.985 1.227 1.461 1.68 1.883 2.068 2.234 
0.04 0.148 0.318 0.534 0.776 1.031 1.286 1.531 1.763 1.976 2.171 2.346 
0.039 0.147 0.323 0.549 0.807 1.08 1.354 1.62 1.871 2.104 2.317 2.508 
0.036 0.147 0.335 0.584 0.874 1.186 1.503 1.813 2.109 2.385 2.638 2.867 
0.038 0.146 0.318 0.54 0.792 1.058 1.325 1.583 1.827 2.053 2.26 2.446 
0.038 0.145 0.317 0.537 0.788 1.053 1.318 1.576 1.82 2.045 2.251 2.436 
0.045 0.152 0.312 0.506 0.72 0.94 1.155 1.361 1.553 1.729 1.889 2.031 
0.04 0.14 0.294 0.483 0.693 0.911 1.126 1.333 1.526 1.703 1.864 2.008 
0.037 0.146 0.324 0.557 0.824 1.107 1.394 1.673 1.938 2.183 2.408 2.611 
0.035 0.145 0.336 0.592 0.893 1.218 1.55 1.877 2.189 2.481 2.75 2.994 
0.033 0.139 0.324 0.572 0.864 1.18 1.504 1.822 2.127 2.412 2.674 2.912 
0.036 0.145 0.33 0.576 0.861 1.167 1.478 1.783 2.074 2.344 2.593 2.817 
0.04 0.154 0.341 0.584 0.862 1.157 1.454 1.743 2.017 2.272 2.504 2.714 
0.038 0.149 0.333 0.574 0.852 1.148 1.447 1.74 2.017 2.275 2.511 2.724 
0.037 0.15 0.341 0.595 0.89 1.206 1.527 1.842 2.142 2.422 2.678 2.911 
0.038 0.152 0.347 0.606 0.907 1.23 1.558 1.88 2.187 2.473 2.735 2.973 
0.038 0.149 0.335 0.579 0.861 1.161 1.465 1.762 2.044 2.306 2.546 2.763 
0.036 0.146 0.334 0.585 0.876 1.19 1.51 1.823 2.122 2.4 2.656 2.888 
0.038 0.15 0.337 0.582 0.865 1.167 1.474 1.773 2.057 2.321 2.563 2.782 
0.039 0.15 0.332 0.567 0.837 1.123 1.411 1.691 1.956 2.203 2.428 2.631 
0.031 0.143 0.351 0.644 1 1.395 1.806 2.217 2.614 2.99 3.337 3.655 
0.032 0.145 0.349 0.632 0.971 1.344 1.731 2.115 2.485 2.834 3.156 3.449 
0.03020403 0.1358282 0.3293468 0.6000308 0.9279128 1.291452 1.671325 2.051916 1.921605 2.164767 2.387302 2.588023 
0.02947434 0.1369839 0.3386552 0.6251492 0.9760321 1.368295 1.780799 2.196165 1.921605 2.164767 2.387302 2.588023 
0.03279675 0.1396165 0.3277688 0.5842298 0.8892222 1.222768 1.567622 1.910247 1.921605 2.164767 2.387302 2.588023 
0.03655815 0.143295 0.3204321 0.5526425 0.8212447 1.108974 1.401743 1.688976 1.921605 2.164767 2.387302 2.588023 
0.02950162 0.131752 0.3181598 0.5780467 0.8921188 1.239742 1.602496 1.965551 1.921605 2.164767 2.387302 2.588023 
0.030703 0.1358958 0.3264408 0.5909781 0.9097125 1.261706 1.628386 1.994869 1.921605 2.164767 2.387302 2.588023 
0.02990326 0.1335201 0.3223931 0.5856931 0.9038695 1.256018 1.623482 1.991239 1.921605 2.164767 2.387302 2.588023 
0.02878186 0.1307623 0.3189781 0.5835148 0.90505 1.262466 1.636679 2.012185 1.921605 2.164767 2.387302 2.588023 
0.03108389 0.1335545 0.3152505 0.5639944 0.8607287 1.185996 1.522894 1.858087 1.921605 2.164767 2.387302 2.588023 
0.03216181 0.1351981 0.3150471 0.5587362 0.8473164 1.161917 1.486392 1.80815 1.921605 2.164767 2.387302 2.588023 
0.03429559 0.1372606 0.310734 0.5403961 0.8079192 1.095996 1.390305 1.67997 1.921605 2.164767 2.387302 2.588023 
0.03754324 0.145313 0.3225406 0.5534883 0.8195008 1.103556 1.391883 1.674212 1.921605 2.164767 2.387302 2.588023 
0.03262668 0.1358385 0.3147496 0.5560688 0.840921 1.150709 1.469626 1.785408 1.921605 2.164767 2.387302 2.588023 
0.03462466 0.1411257 0.3229319 0.5657073 0.8502411 1.158039 1.473606 1.785059 1.921605 2.164767 2.387302 2.588023 
0.1570976 0.2230949 0.3286991 0.4290298 0.6133768 0.7405042 0.8348471 0.9347027 1.049392 1.145142 1.30798 1.543105 
0.1570976 0.2230949 0.3286991 0.4290298 0.6133768 0.7405042 0.8348471 0.9347027 1.049392 1.145142 1.30798 1.543105 
0.1570976 0.2230949 0.3286991 0.4290298 0.6133768 0.7405042 0.8348471 0.9347027 1.049392 1.145142 1.30798 1.543105 
0.1570976 0.2230949 0.3286991 0.4290298 0.6133768 0.7405042 0.8348471 0.9347027 1.049392 1.145142 1.30798 1.543105 
0.1570976 0.2230949 0.3286991 0.4290298 0.6133768 0.7405042 0.8348471 0.9347027 1.049392 1.145142 1.30798 1.543105 
0.1570976 0.2230949 0.3286991 0.4290298 0.6133768 0.7405042 0.8348471 0.9347027 1.049392 1.145142 1.30798 1.543105 
0.1570976 0.2230949 0.3286991 0.4290298 0.6133768 0.7405042 0.8348471 0.9347027 1.049392 1.145142 1.30798 1.543105 
0.1570976 0.2230949 0.3286991 0.4290298 0.6133768 0.7405042 0.8348471 0.9347027 1.049392 1.145142 1.30798 1.543105 
0.1570976 0.2230949 0.3286991 0.4290298 0.6133768 0.7405042 0.8348471 0.9347027 1.049392 1.145142 1.30798 1.543105 
0.1570976 0.2230949 0.3286991 0.4290298 0.6133768 0.7405042 0.8348471 0.9347027 1.049392 1.145142 1.30798 1.543105 
0.1570976 0.2230949 0.3286991 0.4290298 0.6133768 0.7405042 0.8348471 0.9347027 1.049392 1.145142 1.30798 1.543105 
0.1570976 0.2230949 0.3286991 0.4290298 0.6133768 0.7405042 0.8348471 0.9347027 1.049392 1.145142 1.30798 1.543105 
0.1570976 0.2230949 0.3286991 0.4290298 0.6133768 0.7405042 0.8348471 0.9347027 1.049392 1.145142 1.30798 1.543105 
0.1570976 0.2230949 0.3286991 0.4290298 0.6133768 0.7405042 0.8348471 0.9347027 1.049392 1.145142 1.30798 1.543105 
0.1570976 0.2230949 0.3286991 0.4290298 0.6133768 0.7405042 0.8348471 0.9347027 1.049392 1.145142 1.30798 1.543105 
0.1570976 0.2230949 0.3286991 0.4290298 0.6133768 0.7405042 0.8348471 0.9347027 1.049392 1.145142 1.30798 1.543105 
0.1570976 0.2230949 0.3286991 0.4290298 0.6133768 0.7405042 0.8348471 0.9347027 1.049392 1.145142 1.30798 1.543105 
0.1570976 0.2230949 0.3286991 0.4290298 0.6133768 0.7405042 0.8348471 0.9347027 1.049392 1.145142 1.30798 1.543105 
0.1570976 0.2230949 0.3286991 0.4290298 0.6133768 0.7405042 0.8348471 0.9347027 1.049392 1.145142 1.30798 1.543105 
0.1570976 0.2230949 0.3286991 0.4290298 0.6133768 0.7405042 0.8348471 0.9347027 1.049392 1.145142 1.30798 1.543105 
0.1570976 0.2230949 0.3286991 0.4290298 0.6133768 0.7405042 0.8348471 0.9347027 1.049392 1.145142 1.30798 1.543105 
0.1570976 0.2230949 0.3286991 0.4290298 0.6133768 0.7405042 0.8348471 0.9347027 1.049392 1.145142 1.30798 1.543105 
0.1570976 0.2230949 0.3286991 0.4290298 0.6133768 0.7405042 0.8348471 0.9347027 1.049392 1.145142 1.30798 1.543105 
0.1570976 0.2230949 0.3286991 0.4290298 0.6133768 0.7405042 0.8348471 0.9347027 1.049392 1.145142 1.30798 1.543105 
0.1570976 0.2230949 0.3286991 0.4290298 0.6133768 0.7405042 0.8348471 0.9347027 1.049392 1.145142 1.30798 1.543105 
0.1570976 0.2230949 0.3286991 0.4290298 0.6133768 0.7405042 0.8348471 0.9347027 1.049392 1.145142 1.30798 1.543105 
0.1570976 0.2230949 0.3286991 0.4290298 0.6133768 0.7405042 0.8348471 0.9347027 1.049392 1.145142 1.30798 1.543105 
0.1570976 0.2230949 0.3286991 0.4290298 0.6133768 0.7405042 0.8348471 0.9347027 1.049392 1.145142 1.30798 1.543105 
0.1570976 0.2230949 0.3286991 0.4290298 0.6133768 0.7405042 0.8348471 0.9347027 1.049392 1.145142 1.30798 1.543105 
0.1570976 0.2230949 0.3286991 0.4290298 0.6133768 0.7405042 0.8348471 0.9347027 1.049392 1.145142 1.30798 1.543105 
0.1570976 0.2230949 0.3286991 0.4290298 0.6133768 0.7405042 0.8348471 0.9347027 1.049392 1.145142 1.30798 1.543105 
0.1570976 0.2230949 0.3286991 0.4290298 0.6133768 0.7405042 0.8348471 0.9347027 1.049392 1.145142 1.30798 1.543105 
0.1570976 0.2230949 0.3286991 0.4290298 0.6133768 0.7405042 0.8348471 0.9347027 1.049392 1.145142 1.30798 1.543105 
0.1570976 0.2230949 0.3286991 0.4290298 0.6133768 0.7405042 0.8348471 0.9347027 1.049392 1.145142 1.30798 1.543105 
0.1570976 0.2230949 0.3286991 0.4290298 0.6133768 0.7405042 0.8348471 0.9347027 1.049392 1.145142 1.30798 1.543105 
0.1570976 0.2230949 0.3286991 0.4290298 0.6133768 0.7405042 0.8348471 0.9347027 1.049392 1.145142 1.30798 1.543105 
0.1570976 0.2230949 0.3286991 0.4290298 0.6133768 0.7405042 0.8348471 0.9347027 1.049392 1.145142 1.30798 1.543105 
0.1570976 0.2230949 0.3286991 0.4290298 0.6133768 0.7405042 0.8348471 0.9347027 1.049392 1.145142 1.30798 1.543105 
0.1570976 0.2230949 0.3286991 0.4290298 0.6133768 0.7405042 0.8348471 0.9347027 1.049392 1.145142 1.30798 1.543105 
0.1570976 0.2230949 0.3286991 0.4290298 0.6133768 0.7405042 0.8348471 0.9347027 1.049392 1.145142 1.30798 1.543105 
0.1570976 0.2230949 0.3286991 0.4290298 0.6133768 0.7405042 0.8348471 0.9347027 1.049392 1.145142 1.30798 1.543105 
0.1570976 0.2230949 0.3286991 0.4290298 0.6133768 0.7405042 0.8348471 0.9347027 1.049392 1.145142 1.30798 1.543105 
0.1570976 0.2230949 0.3286991 0.4290298 0.6133768 0.7405042 0.8348471 0.9347027 1.049392 1.145142 1.30798 1.543105 
0.1570976 0.2230949 0.3286991 0.4290298 0.6133768 0.7405042 0.8348471 0.9347027 1.049392 1.145142 1.30798 1.543105 
0.1570976 0.2230949 0.3286991 0.4290298 0.6133768 0.7405042 0.8348471 0.9347027 1.049392 1.145142 1.30798 1.543105 
0.2277163 0.2479763 0.2949346 0.4341676 0.6548281 0.8175691 0.9325919 1.097617 1.214485 1.325849 1.270054 1.822918 
0.3107392 0.3827896 0.3991144 0.4283434 0.4813015 0.6104505 0.837006 0.8826694 0.985119 1.093841 1.535457 1.264915 
0.05911567 0.191747 0.4696284 0.5485503 0.6590853 0.7032152 0.7388591 0.9223704 0.9621061 1.093707 1.359284 1.543105 
0.0663342 0.1463582 0.3051961 0.387927 0.5070352 0.6064834 0.648915 0.6343477 0.7784029 0.8678509 1.051457 1.679907 
0.1267247 0.1357683 0.2442465 0.5099079 0.789683 0.9268152 1.04037 1.042165 1.128137 1.263351 1.249168 1.404681 
0.1519559 0.2339302 0.2590749 0.2652827 0.5883277 0.7784921 0.81134 1.029047 1.228105 1.226253 1.382457 1.543105 
0.1028666 0.2043553 0.2513063 0.276745 0.2787436 0.3434552 0.5437368 0.6695599 0.6171546 0.9661307 1.031824 0.979 
0.1536478 0.1412025 0.2178014 0.2511207 0.2781832 0.5439168 0.7848716 0.9331864 1.089578 1.252001 1.362305 1.490308 
0.1512424 0.1872914 0.2114235 0.2241685 0.3101721 0.3969692 0.5125629 0.6531007 0.7576115 0.8209228 0.9115391 1.162715 
0.2088957 0.2283056 0.2723022 0.3103784 0.3485904 0.4051434 0.4698718 0.4819576 0.5611942 0.9772561 1.296655 1.162715 
0.1537217 0.199017 0.2423817 0.2655391 0.3608034 0.4935953 0.6244766 0.7533703 0.8507287 1.048513 1.196956 1.267569 
0.1537217 0.199017 0.2423817 0.2655391 0.3608034 0.4935953 0.6244766 0.7533703 0.8507287 1.048513 1.196956 1.267569 
#Inum 
6 
#Inames 
Chile_AcousCS%Chile_AcousN%Chile_CPUE%Peru_Artis_CPUE%Peru_Ind_CPUE%Offshore_CPUE 
#Inumyears 
13 
20 
29 
25 
21 
18 
#Iyears 
1997 1998 1999 2000 2001 2002 2003 2004 2005 2006 2007 2008 2009 
2006 2007 2008 2009 2010 2011 2012 2013 2014 2015 2016 2017 2018 2019 2020 2021 2023 2024 2025 2026 
1998 1999 2000 2001 2002 2003 2004 2005 2006 2007 2008 2009 2010 2011 2012 2013 2014 2015 2016 2017 2018 2019 2020 2021 2022 2023 2024 2025 2026 
2002 2003 2004 2005 2006 2007 2008 2009 2010 2011 2012 2013 2014 2015 2016 2017 2018 2019 2020 2021 2022 2023 2024 2025 2026 
2002 2003 2004 2005 2006 2007 2008 2009 2011 2012 2013 2014 2018 2019 2020 2021 2022 2023 2024 2025 2026 
2008 2009 2010 2011 2012 2013 2014 2015 2016 2017 2018 2019 2020 2021 2022 2023 2024 2025 
#Imonths 
6 
11 
6 
2 
2 
6 
#Index 
3530 3200 4100 5600 5950 3700 2640 2640 4110 3192 3140 487 328 
112 275 259 18 440 432 230 144 87 459 587.244 610.47 374.1102 1487.07 1728.268 1870.357 2502.157 2788.465 3058.843 642.1313 
102 89.892 126.2369 128.7587 117.2888 131.3317 154.0262 129.9198 120.0186 99.3465 112.8603 107.9097 93.9276 58.9389 59.2734 63.8226 60.1431 60.9459 69.8436 74.7273 70.1781 104.2971 97.2726 93.9945 91.3185 100.2162 82.4208 96.6705 104.4309 
0.1632127 0.1783591 0.2142965 0.20523 0.2650583 0.3269133 0.1780089 0.07891048 0.1565918 0.3298828 0.2951203 0.1629694 0.1883576 0.1924541 0.1612097 0.2032721 0.2557976 0.4132993 0.4681688 0.4675591 0.5708413 0.6166017 0.6721997 0.4946125 0.5673619 
0.2054857 0.3463511 0.3692817 0.2131677 0.3483224 0.4358421 0.4122219 0.230026 0.3715583 0.4427748 0.2334504 0.2819916 0.4160003 0.4431689 0.4730189 0.4860361 0.4933459 0.4486047 0.4225765 0.3974881 0.2574228 
1295 1145 680 541 454 562 543 804 527 632 548 688 669 966 1394 1410 490 1030 
#Indexerr 
1059 960 1230 1680 1785 1110 792 792 1233 957.6 942 146.1 98.4 
33.6 82.5 77.7 5.4 132 129.6 69 43.2 26.1 137.7 176.1732 183.141 112.2331 446.121 518.4804 561.1071 750.6471 836.5395 917.6528 192.6394 
21.74563 18.97611 16.94043 15.60177 12.00793 12.69188 9.493975 7.508492 29.86994 14.92743 5.725797 6.046206 5.448916 4.30075 3.57381 4.954317 7.514039 4.128391 6.882689 10.57973 11.76265 10.16722 7.864155 8.442087 7.916128 8.748393 4.521715 5.404624 44.30316 
0.04895477 0.03875408 0.04750461 0.04701388 0.05130672 0.08160808 0.048476 0.04908823 0.1452481 0.0998463 0.08331839 0.07847246 0.0695576 0.06748844 0.05538208 0.04551545 0.05010368 0.08510206 0.09404072 0.09344752 0.1329031 0.1250533 0.1418989 0.102786 0.7259092 
0.06163434 0.07525559 0.08186128 0.04883224 0.06742395 0.1088002 0.1122577 0.1430934 0.1124603 0.1250042 0.1124102 0.1041352 0.08148297 0.09125247 0.09501495 0.09714038 0.1148606 0.09098176 0.08920432 0.0826025 0.3293587 
259 229 136 108.2 90.8 112.4 108.6 160.8 105.4 126.4 109.6 137.6 133.8 193.2 278.8 282 98 206 
#Inumageyears 
9 
16 
0 
0 
0 
0 
#Inumlengthyears 
0 
0 
0 
0 
0 
0 
#Iyearsage 
2001 2002 2003 2004 2005 2006 2007 2008 2009 
2006 2007 2009 2013 2014 2015 2016 2017 2018 2019 2020 2021 2023 2024 2025 2026 
#Iyearslength 
#Iagesample 
6.803999 6.803999 6.803999 6.803999 6.803999 6.803999 6.803999 6.803999 6.803999 
12.43924 12.43924 12.43924 12.43924 12.43924 12.43924 12.43924 12.43924 12.43924 12.43924 12.43924 12.43924 12.43924 12.43924 12.43924 12.43924 
#Ilengthsample 
#Ipropage 
79900114 4929671201 912323109 1484637385 526101282 357930316 155401324 127305383 62463938 78042763 19510691 27224875 
149626586 3750966573 2246242508 1033153986 371193130 440706492 150814501 81021928 14925092 0 4264312 2132156 
121805172 2719728185 3042808825 2106137684 710436454 343204238 171829205 117328312 47688282 70396987 4541741 27250446 
69247727 1368261812 2035795466 2661406301 1847311794 1107109990 977370775 474741320 142710833 41483251 565512 15569405 
136968990 1565368794 2588641612 5410561483 2131935154 638605129 299178045 162771230 118659263 61189558 29592028 1024366 
0 11977885 642031782 1689456384 1601214694 407161463 296032640 199964875 90227686 51217478 14968399 9124084 
0 0 116909073 729108922 997645849 1105147239 960685346 669580175 401835168 100582557 85185331 38599074 
0 0 0 114856488 316610469 235286600 119756718 87378769 33672315 19853462 13812384 15169682 
0 0 0 0 7022531 240576408 193411990 129318993 137624069 48201144 27782702 25469217 
314182457 730860646 11130065 0 0 0 0 0 0 0 0 0 
104901023 827138151 318284359 104208127 26676362 0 0 0 0 0 0 0 
90415650 40751224 1040810 105980 95425 0 0 0 0 0 0 0 
352635730 99449256 162612686 117769451 39459468 8121776 617809 0 0 0 0 0 
1513110965 36027909 5207472 19260760 12260213 0 0 0 0 0 0 0 
4148979594 1178231756 237687857 137296676 39810017 2281131 1268613 0 0 0 0 0 
4909363935 1306797663 282728838 127339089 45462323 27689630 13556200 0 4016267 0 0 0 
6505460255 1390111064 481417630 110777065 34460528 0 4504618 0 0 0 0 0 
9400054907 506578095 107735337 21122802 10651602 3650419 3091627 854578 0 0 0 0 
1338769115 5059062305 1702772500 313053153 73795885 47260405 6554281 0 0 0 0 0 
2075640492 715513768 2285598677 2810449621 973363801 153178195 0 0 0 0 0 0 
7722677667 60021101 1642708526 1719647306 563138537 357534382 187812114 0 7913599 0 0 0 
314185366 1208576960 1572520513 1460553756 924944928 737214085 378962733 73364878 22727434 0 0 0 
8974677022 211702156 720775781 1182489736 1146799967 706619140 514098857 69589075 3610955 992643.1 0 0 
9959485 23435.15 1278268 1891830 1834475 643082.2 250506.7 175281.4 29577.22 7113.529 0 0 
351549 2331690 142852.1 69792.78 124472.8 109957.9 75288.94 26935.81 19018.37 10239.35 282.359 0 
#Iproplength 
#Iwtatage 
0.09994268 0.182079 0.2788405 0.3715603 0.4543645 0.5463592 0.6346528 0.7930076 0.9196452 1.078658 1.263611 1.387927 
0.09994268 0.182079 0.2788405 0.3715603 0.4543645 0.5463592 0.6346528 0.7930076 0.9196452 1.078658 1.263611 1.387927 
0.09994268 0.182079 0.2788405 0.3715603 0.4543645 0.5463592 0.6346528 0.7930076 0.9196452 1.078658 1.263611 1.387927 
0.09994268 0.182079 0.2788405 0.3715603 0.4543645 0.5463592 0.6346528 0.7930076 0.9196452 1.078658 1.263611 1.387927 
0.09994268 0.182079 0.2788405 0.3715603 0.4543645 0.5463592 0.6346528 0.7930076 0.9196452 1.078658 1.263611 1.387927 
0.09994268 0.182079 0.2788405 0.3715603 0.4543645 0.5463592 0.6346528 0.7930076 0.9196452 1.078658 1.263611 1.387927 
0.09994268 0.182079 0.2788405 0.3715603 0.4543645 0.5463592 0.6346528 0.7930076 0.9196452 1.078658 1.263611 1.387927 
0.09994268 0.182079 0.2788405 0.3715603 0.4543645 0.5463592 0.6346528 0.7930076 0.9196452 1.078658 1.263611 1.387927 
0.09994268 0.182079 0.2788405 0.3715603 0.4543645 0.5463592 0.6346528 0.7930076 0.9196452 1.078658 1.263611 1.387927 
0.09994268 0.182079 0.2788405 0.3715603 0.4543645 0.5463592 0.6346528 0.7930076 0.9196452 1.078658 1.263611 1.387927 
0.09994268 0.182079 0.2788405 0.3715603 0.4543645 0.5463592 0.6346528 0.7930076 0.9196452 1.078658 1.263611 1.387927 
0.09994268 0.182079 0.2788405 0.3715603 0.4543645 0.5463592 0.6346528 0.7930076 0.9196452 1.078658 1.263611 1.387927 
0.09994268 0.182079 0.2788405 0.3715603 0.4543645 0.5463592 0.6346528 0.7930076 0.9196452 1.078658 1.263611 1.387927 
0.09994268 0.182079 0.2788405 0.3715603 0.4543645 0.5463592 0.6346528 0.7930076 0.9196452 1.078658 1.263611 1.387927 
0.09994268 0.182079 0.2788405 0.3715603 0.4543645 0.5463592 0.6346528 0.7930076 0.9196452 1.078658 1.263611 1.387927 
0.09994268 0.182079 0.2788405 0.3715603 0.4543645 0.5463592 0.6346528 0.7930076 0.9196452 1.078658 1.263611 1.387927 
0.09994268 0.182079 0.2788405 0.3715603 0.4543645 0.5463592 0.6346528 0.7930076 0.9196452 1.078658 1.263611 1.387927 
0.09994268 0.182079 0.2788405 0.3715603 0.4543645 0.5463592 0.6346528 0.7930076 0.9196452 1.078658 1.263611 1.387927 
0.09994268 0.182079 0.2788405 0.3715603 0.4543645 0.5463592 0.6346528 0.7930076 0.9196452 1.078658 1.263611 1.387927 
0.09994268 0.182079 0.2788405 0.3715603 0.4543645 0.5463592 0.6346528 0.7930076 0.9196452 1.078658 1.263611 1.387927 
0.09994268 0.182079 0.2788405 0.3715603 0.4543645 0.5463592 0.6346528 0.7930076 0.9196452 1.078658 1.263611 1.387927 
0.09994268 0.182079 0.2788405 0.3715603 0.4543645 0.5463592 0.6346528 0.7930076 0.9196452 1.078658 1.263611 1.387927 
0.09994268 0.182079 0.2788405 0.3715603 0.4543645 0.5463592 0.6346528 0.7930076 0.9196452 1.078658 1.263611 1.387927 
0.09994268 0.182079 0.2788405 0.3715603 0.4543645 0.5463592 0.6346528 0.7930076 0.9196452 1.078658 1.263611 1.387927 
0.09994268 0.182079 0.2788405 0.3715603 0.4543645 0.5463592 0.6346528 0.7930076 0.9196452 1.078658 1.263611 1.387927 
0.09994268 0.182079 0.2788405 0.3715603 0.4543645 0.5463592 0.6346528 0.7930076 0.9196452 1.078658 1.263611 1.387927 
0.09994268 0.182079 0.2788405 0.3715603 0.4543645 0.5463592 0.6346528 0.7930076 0.9196452 1.078658 1.263611 1.387927 
0.09994268 0.182079 0.2788405 0.3715603 0.4543645 0.5463592 0.6346528 0.7930076 0.9196452 1.078658 1.263611 1.387927 
0.09994268 0.182079 0.2788405 0.3715603 0.4543645 0.5463592 0.6346528 0.7930076 0.9196452 1.078658 1.263611 1.387927 
0.09994268 0.182079 0.2788405 0.3715603 0.4543645 0.5463592 0.6346528 0.7930076 0.9196452 1.078658 1.263611 1.387927 
0.09994268 0.182079 0.2788405 0.3715603 0.4543645 0.5463592 0.6346528 0.7930076 0.9196452 1.078658 1.263611 1.387927 
0.09273487 0.1159569 0.2557574 0.2837557 0.3450714 0.4557244 0.5412943 0.7667197 0.7473898 0.9855534 1.017047 1.227367 
0.168107 0.1542732 0.2048361 0.2678992 0.4066618 0.49404 0.5524016 0.7062061 0.8925434 1.159295 1.253547 1.106759 
0.1979971 0.19619 0.2288886 0.2877805 0.3716487 0.516257 0.6611735 0.7055497 0.833299 0.7927114 1.635673 1.436467 
0.186807 0.1951427 0.2454678 0.3083617 0.4015063 0.4787139 0.5697307 0.7136407 0.7707582 0.8361359 1.549615 1.179069 
0.1944596 0.2088189 0.2487416 0.27944 0.3628629 0.4715555 0.6003376 0.8185494 0.9121641 1.24266 0.9965643 1.44474 
0.06212132 0.2331852 0.2857881 0.3230713 0.3798526 0.4730543 0.5638053 0.6875966 0.8341199 0.8415965 1.056659 1.148588 
0.06212132 0.1787751 0.3719255 0.3982995 0.4649542 0.5392459 0.6420699 0.7831152 0.8665222 1.035691 1.117162 1.504877 
0.06212132 0.1787751 0.2595086 0.3924095 0.4340323 0.5086302 0.6020903 0.6712577 0.8891552 1.031735 1.146654 1.361558 
0.06212132 0.1787751 0.2595086 0.3218395 0.4459439 0.523247 0.5819972 0.6930168 0.7564589 0.8813735 0.9964425 1.14535 
0.06212132 0.154489 0.2983427 0.3507586 0.4687181 0.5576515 0.6325547 0.7460964 0.8491037 1.005062 1.114798 1.324157 
0.06212132 0.1787751 0.2595086 0.3218395 0.5867529 0.6118471 0.7063495 0.7791359 0.8812782 1.097615 1.266543 1.349362 
0.06212132 0.1794445 0.4795688 0.6339113 0.6446183 0.7588644 0.930316 1.208663 1.529729 1.756435 1.397407 1.534117 
0.09994268 0.182079 0.2788405 0.3715603 0.4543645 0.5463592 0.6346528 0.7930076 0.9196452 1.078658 1.263611 1.387927 
0.09994268 0.182079 0.2788405 0.3715603 0.4543645 0.5463592 0.6346528 0.7930076 0.9196452 1.078658 1.263611 1.387927 
0.09994268 0.182079 0.2788405 0.3715603 0.4543645 0.5463592 0.6346528 0.7930076 0.9196452 1.078658 1.263611 1.387927 
0.09994268 0.182079 0.2788405 0.3715603 0.4543645 0.5463592 0.6346528 0.7930076 0.9196452 1.078658 1.263611 1.387927 
0.06212132 0.21773 0.2464159 0.3389599 0.4431075 0.4735709 0.5349669 0.8416454 1.102663 1.351858 1.969963 1.534117 
0.09994268 0.182079 0.2788405 0.3715603 0.4543645 0.5463592 0.6346528 0.7930076 0.9196452 1.078658 1.263611 1.387927 
0.09994268 0.182079 0.2788405 0.3715603 0.4543645 0.5463592 0.6346528 0.7930076 0.9196452 1.078658 1.263611 1.387927 
0.06212132 0.1787751 0.2595086 0.693518 0.6053716 0.7866265 0.7660523 0.9809142 1.009847 1.083494 1.172474 2.134452 
0.09994268 0.182079 0.2788405 0.3715603 0.4543645 0.5463592 0.6346528 0.7930076 0.9196452 1.078658 1.263611 1.387927 
0.09994268 0.182079 0.2788405 0.3715603 0.4543645 0.5463592 0.6346528 0.7930076 0.9196452 1.078658 1.263611 1.387927 
0.09237841 0.1814182 0.2749741 0.4359518 0.4845659 0.5944127 0.6609327 0.8305889 0.9376856 1.079625 1.245384 1.537232 
0.09086555 0.1812861 0.2742008 0.4488301 0.4906062 0.6040234 0.6661887 0.8381052 0.9412936 1.079819 1.241738 1.567093 
0.08905013 0.1811275 0.2732729 0.4642841 0.4978545 0.6155562 0.6724959 0.8471247 0.9456233 1.080051 1.237364 1.602926 
0.09443589 0.181598 0.2760258 0.4184373 0.4763511 0.5813421 0.6537846 0.8203668 0.9327786 1.079362 1.250342 1.496621 
0.05123909 0.1646477 0.2668904 0.3454878 0.4435823 0.5686678 0.7777774 0.9182731 1.029285 1.251758 1.479479 1.534117 
0.05123909 0.1646477 0.2668904 0.3454878 0.4435823 0.5686678 0.7777774 0.9182731 1.029285 1.251758 1.479479 1.534117 
0.05123909 0.1646477 0.2668904 0.3454878 0.4435823 0.5686678 0.7777774 0.9182731 1.029285 1.251758 1.479479 1.534117 
0.05123909 0.1646477 0.2668904 0.3454878 0.4435823 0.5686678 0.7777774 0.9182731 1.029285 1.251758 1.479479 1.534117 
0.05123909 0.1646477 0.2668904 0.3454878 0.4435823 0.5686678 0.7777774 0.9182731 1.029285 1.251758 1.479479 1.534117 
0.05123909 0.1646477 0.2668904 0.3454878 0.4435823 0.5686678 0.7777774 0.9182731 1.029285 1.251758 1.479479 1.534117 
0.05123909 0.1646477 0.2668904 0.3454878 0.4435823 0.5686678 0.7777774 0.9182731 1.029285 1.251758 1.479479 1.534117 
0.05123909 0.1646477 0.2668904 0.3454878 0.4435823 0.5686678 0.7777774 0.9182731 1.029285 1.251758 1.479479 1.534117 
0.05123909 0.1646477 0.2668904 0.3454878 0.4435823 0.5686678 0.7777774 0.9182731 1.029285 1.251758 1.479479 1.534117 
0.05123909 0.1646477 0.2668904 0.3454878 0.4435823 0.5686678 0.7777774 0.9182731 1.029285 1.251758 1.479479 1.534117 
0.05123909 0.1646477 0.2668904 0.3454878 0.4435823 0.5686678 0.7777774 0.9182731 1.029285 1.251758 1.479479 1.534117 
0.05123909 0.1646477 0.2668904 0.3454878 0.4435823 0.5686678 0.7777774 0.9182731 1.029285 1.251758 1.479479 1.534117 
0.05123909 0.1646477 0.2668904 0.3454878 0.4435823 0.5686678 0.7777774 0.9182731 1.029285 1.251758 1.479479 1.534117 
0.05123909 0.1646477 0.2668904 0.3454878 0.4435823 0.5686678 0.7777774 0.9182731 1.029285 1.251758 1.479479 1.534117 
0.05123909 0.1646477 0.2668904 0.3454878 0.4435823 0.5686678 0.7777774 0.9182731 1.029285 1.251758 1.479479 1.534117 
0.05123909 0.1646477 0.2668904 0.3454878 0.4435823 0.5686678 0.7777774 0.9182731 1.029285 1.251758 1.479479 1.534117 
0.05123909 0.1646477 0.2668904 0.3454878 0.4435823 0.5686678 0.7777774 0.9182731 1.029285 1.251758 1.479479 1.534117 
0.05123909 0.1646477 0.2668904 0.3454878 0.4435823 0.5686678 0.7777774 0.9182731 1.029285 1.251758 1.479479 1.534117 
0.05123909 0.1646477 0.2668904 0.3454878 0.4435823 0.5686678 0.7777774 0.9182731 1.029285 1.251758 1.479479 1.534117 
0.05123909 0.1646477 0.2668904 0.3454878 0.4435823 0.5686678 0.7777774 0.9182731 1.029285 1.251758 1.479479 1.534117 
0.05123909 0.1646477 0.2668904 0.3454878 0.4435823 0.5686678 0.7777774 0.9182731 1.029285 1.251758 1.479479 1.534117 
0.05123909 0.1646477 0.2668904 0.3454878 0.4435823 0.5686678 0.7777774 0.9182731 1.029285 1.251758 1.479479 1.534117 
0.05123909 0.1646477 0.2668904 0.3454878 0.4435823 0.5686678 0.7777774 0.9182731 1.029285 1.251758 1.479479 1.534117 
0.05123909 0.1646477 0.2668904 0.3454878 0.4435823 0.5686678 0.7777774 0.9182731 1.029285 1.251758 1.479479 1.534117 
0.05123909 0.1646477 0.2668904 0.3454878 0.4435823 0.5686678 0.7777774 0.9182731 1.029285 1.251758 1.479479 1.534117 
0.05123909 0.1646477 0.2668904 0.3454878 0.4435823 0.5686678 0.7777774 0.9182731 1.029285 1.251758 1.479479 1.534117 
0.05123909 0.1646477 0.2668904 0.3454878 0.4435823 0.5686678 0.7777774 0.9182731 1.029285 1.251758 1.479479 1.534117 
0.05123909 0.1646477 0.2668904 0.3454878 0.4435823 0.5686678 0.7777774 0.9182731 1.029285 1.251758 1.479479 1.534117 
0.05123909 0.1646477 0.2668904 0.3454878 0.4435823 0.5686678 0.7777774 0.9182731 1.029285 1.251758 1.479479 1.534117 
0.05123909 0.1646477 0.2668904 0.3454878 0.4435823 0.5686678 0.7777774 0.9182731 1.029285 1.251758 1.479479 1.534117 
0.05123909 0.1646477 0.2668904 0.3454878 0.4435823 0.5686678 0.7777774 0.9182731 1.029285 1.251758 1.479479 1.534117 
0.05123909 0.1646477 0.2668904 0.3454878 0.4435823 0.5686678 0.7777774 0.9182731 1.029285 1.251758 1.479479 1.534117 
0.05123909 0.1646477 0.2668904 0.3454878 0.4435823 0.5686678 0.7777774 0.9182731 1.029285 1.251758 1.479479 1.534117 
0.05123909 0.1646477 0.2668904 0.3454878 0.4435823 0.5686678 0.7777774 0.9182731 1.029285 1.251758 1.479479 1.534117 
0.05123909 0.1646477 0.2668904 0.3454878 0.4435823 0.5686678 0.7777774 0.9182731 1.029285 1.251758 1.479479 1.534117 
0.05123909 0.1646477 0.2668904 0.3454878 0.4435823 0.5686678 0.7777774 0.9182731 1.029285 1.251758 1.479479 1.534117 
0.0424789 0.1345832 0.2527343 0.3218395 0.427621 0.56334 0.7091364 0.8612334 0.9951477 1.159295 1.397407 1.534117 
0.138285 0.1899974 0.2269567 0.2191255 0.2233016 0.56334 0.7091364 0.8612334 0.9951477 1.159295 1.397407 1.534117 
0.05123909 0.1646477 0.2668904 0.3454878 0.4435823 0.5686678 0.7777774 0.9182731 1.029285 1.251758 1.479479 1.534117 
0.1260765 0.1632907 0.3010369 0.3958422 0.4637876 0.56334 0.7091364 0.8612334 0.9951477 1.159295 1.397407 1.534117 
0.05123909 0.1646477 0.2668904 0.3454878 0.4435823 0.5686678 0.7777774 0.9182731 1.029285 1.251758 1.479479 1.534117 
0.05123909 0.1646477 0.2668904 0.3454878 0.4435823 0.5686678 0.7777774 0.9182731 1.029285 1.251758 1.479479 1.534117 
0.05123909 0.1646477 0.2668904 0.3454878 0.4435823 0.5686678 0.7777774 0.9182731 1.029285 1.251758 1.479479 1.534117 
0.02654195 0.1861498 0.2635313 0.4203471 0.4956126 0.5318227 0.7268747 0.8612334 0.9951477 1.159295 1.397407 1.534117 
0.041325 0.1468553 0.342796 0.634333 0.6323257 0.56334 0.7091364 0.8612334 0.9951477 1.159295 1.397407 1.534117 
0.02203066 0.1665058 0.332076 0.4561565 0.5821399 0.7772382 0.9958621 0.8612334 0.9951477 1.159295 1.397407 1.534117 
0.03934059 0.1671532 0.2617176 0.3002802 0.5114804 0.6357039 0.7643738 0.8612334 0.6746521 1.159295 1.397407 1.534117 
0.03492475 0.157142 0.2736127 0.2308947 0.4735364 0.56334 0.9548727 1.239868 1.691159 2.176387 2.300196 1.534117 
0.02774366 0.1466234 0.2002262 0.3018081 0.3636924 0.4977319 0.8298598 1.110037 0.9951477 1.159295 1.397407 1.534117 
0.03134597 0.1716072 0.2493305 0.2786145 0.4449224 0.6202207 0.738026 0.8612334 0.9951477 1.159295 1.397407 1.534117 
0.03353694 0.181217 0.2317765 0.2411244 0.2609857 0.3759278 0.7091364 0.8612334 0.9951477 1.159295 1.397407 1.534117 
0.03088163 0.2187366 0.3162658 0.3589108 0.43563 0.5551511 0.5616959 0.8373977 0.9043082 1.159295 1.397407 1.534117 
0.03088163 0.2187366 0.3162658 0.3589108 0.43563 0.5551511 0.5616959 0.8373977 0.9043082 1.159295 1.397407 1.534117 
0.1589332 0.1970147 0.2959701 0.3936459 0.481756 0.5546619 0.6378384 0.7976729 0.8366602 1.159295 1.397407 1.534117 
0.06505308 0.3075496 0.3671663 0.403774 0.4616655 0.5694109 0.76712 0.9336905 1.327981 1.493008 1.397407 1.534117 
0.04166628 0.2273609 0.3466672 0.378169 0.4279674 0.5268819 0.6464884 0.8954399 0.9804257 1.145524 1.397407 1.534117 
0.05836717 0.1439543 0.2331703 0.4185667 0.4891958 0.5080565 0.6337414 0.9658271 1.075341 1.1752 1.642675 1.534117 
0.1569649 0.2021229 0.2713424 0.3456273 0.4440297 0.5700673 0.7093423 0.8673106 1.075719 1.313342 1.578796 1.825753 
0.1569649 0.2021229 0.2713424 0.3456273 0.4440297 0.5700673 0.7093423 0.8673106 1.075719 1.313342 1.578796 1.825753 
0.1569649 0.2021229 0.2713424 0.3456273 0.4440297 0.5700673 0.7093423 0.8673106 1.075719 1.313342 1.578796 1.825753 
0.1569649 0.2021229 0.2713424 0.3456273 0.4440297 0.5700673 0.7093423 0.8673106 1.075719 1.313342 1.578796 1.825753 
0.1569649 0.2021229 0.2713424 0.3456273 0.4440297 0.5700673 0.7093423 0.8673106 1.075719 1.313342 1.578796 1.825753 
0.1569649 0.2021229 0.2713424 0.3456273 0.4440297 0.5700673 0.7093423 0.8673106 1.075719 1.313342 1.578796 1.825753 
0.1569649 0.2021229 0.2713424 0.3456273 0.4440297 0.5700673 0.7093423 0.8673106 1.075719 1.313342 1.578796 1.825753 
0.1569649 0.2021229 0.2713424 0.3456273 0.4440297 0.5700673 0.7093423 0.8673106 1.075719 1.313342 1.578796 1.825753 
0.1569649 0.2021229 0.2713424 0.3456273 0.4440297 0.5700673 0.7093423 0.8673106 1.075719 1.313342 1.578796 1.825753 
0.1569649 0.2021229 0.2713424 0.3456273 0.4440297 0.5700673 0.7093423 0.8673106 1.075719 1.313342 1.578796 1.825753 
0.2030919 0.2009822 0.2371281 0.2754207 0.3275101 0.3750594 0.5037833 0.8612334 0.9951477 1.159295 1.397407 1.534117 
0.1638569 0.1874818 0.2384203 0.2681818 0.3078269 0.3677967 0.4635753 0.7955722 0.9951477 1.159295 1.397407 1.534117 
0.1825628 0.2011661 0.2325852 0.2606243 0.2953161 0.3437894 0.4021003 0.4467673 0.9951477 1.159295 1.397407 1.534117 
0.1200638 0.1664255 0.2494177 0.2838452 0.329637 0.4176232 0.497039 0.6055891 0.9951477 1.159295 1.397407 1.534117 
0.1505348 0.1479664 0.2425581 0.2890085 0.3415929 0.4205233 0.4986646 0.5667258 0.9951477 1.159295 1.397407 1.534117 
0.1919913 0.2042753 0.2326363 0.2994191 0.3655892 0.4523599 0.5368949 0.6268484 0.6954171 1.159295 1.397407 1.534117 
0.1361433 0.2121146 0.2726873 0.3131973 0.4078675 0.4747013 0.5504372 0.6874024 0.9996096 1.159295 1.397407 1.534117 
0.1259414 0.1368658 0.2180562 0.3348158 0.4070682 0.4551333 0.4922724 0.563898 0.8239994 1.159295 1.397407 1.534117 
0.1822906 0.1973105 0.2206887 0.3397598 0.44409 0.4901572 0.5387604 0.801143 1.107982 1.159295 1.397407 1.534117 
0.2111558 0.2236172 0.2572982 0.3103899 0.4364148 0.5361887 0.5793075 0.6247533 0.9483304 1.159295 1.397407 1.534117 
0.1098262 0.2713287 0.3181273 0.3802178 0.4565203 0.5720521 0.6752881 0.7524131 0.7968016 1.484836 1.397407 1.534117 
0.1704744 0.1356418 0.2947525 0.4184593 0.4691518 0.5384668 0.6571212 0.7614801 0.8292949 0.9211298 0.9661431 1.211166 
0.1469132 0.1857306 0.2301513 0.2959775 0.470392 0.5446617 0.6045111 0.7123569 0.8440921 0.967783 1.334361 1.534117 
0.1619597 0.1771304 0.2464664 0.3196657 0.3886246 0.5331162 0.6837792 0.8202819 0.9249876 1.117027 1.827258 1.534117 
0.1953464 0.2264017 0.2873626 0.3466979 0.4535636 0.6142527 0.7832115 0.8835419 1.013909 1.177842 1.581076 1.534117 
0.1735936 0.1895778 0.2662159 0.3390769 0.4245378 0.5626784 0.7969063 1.012164 1.186804 1.425176 1.797483 1.534117 
0.1893029 0.1925645 0.2807511 0.3617778 0.5121545 0.7041861 0.9541339 1.182428 1.355904 1.445308 2.008467 1.534117 
0.1742484 0.1957367 0.2657103 0.3599498 0.5178513 0.6991787 0.88718 1.083549 1.286712 1.528823 1.786438 1.778663 
0.1509109 0.1650645 0.2507305 0.3426146 0.5389495 0.7938069 1.024765 1.218285 1.403722 1.583515 1.933449 2.526217 
0.1607783 0.1667084 0.2590835 0.3377261 0.4942268 0.7894252 1.03884 1.234885 1.396515 1.653717 1.840768 1.95196 
0.1875431 0.1985347 0.2615524 0.3568495 0.4861258 0.800854 1.057831 1.159366 1.310321 1.454356 1.655568 2.052048 
0.1827897 0.2019619 0.2659981 0.335745 0.4551464 0.6135966 0.8679887 1.119457 1.394582 1.568499 1.812766 1.929316 
0.1822036 0.2012994 0.2651834 0.3299343 0.4489459 0.6375906 0.8595344 1.09259 1.312006 1.499319 1.665383 2.07272 
0.1735988 0.1921572 0.2492843 0.3051026 0.4031291 0.5875839 0.7864184 1.025697 1.261034 1.503562 1.733677 1.860694 
0.1954196 0.203685 0.2592072 0.3111681 0.3962746 0.5201817 0.6852567 0.857342 1.065275 1.394546 1.517042 1.771539 
0.082582 0.234478 0.2801149 0.3182222 0.3960397 0.5063872 0.6423895 0.7514278 0.9196058 1.160149 1.323906 1.605558 
0.1143924 0.1855874 0.2887004 0.3494106 0.4129838 0.5122648 0.6184664 0.7598961 0.9379996 1.040574 1.312011 1.724854 
0.1243306 0.1871145 0.2304796 0.3325443 0.4313013 0.5125954 0.624507 0.7766413 0.9092883 1.055941 1.228111 1.541965 
0.03337352 0.2154472 0.2869859 0.3363636 0.4212746 0.5248796 0.620094 0.7263266 0.8799001 1.016186 1.16031 1.479209 
0.1377923 0.1392881 0.2729103 0.3464209 0.4181168 0.5391295 0.623629 0.7589351 0.8920185 1.00727 1.137679 1.398248 
0.09494105 0.1822053 0.2364179 0.3212679 0.4136182 0.5393345 0.6506042 0.796128 1.056248 1.374346 1.560477 1.778165 
0.1978765 0.2022304 0.2956427 0.3602342 0.4783161 0.6403294 0.8059928 1.024834 1.26082 1.450085 1.873952 1.980855 
0.2005579 0.2131461 0.2970146 0.348841 0.4911934 0.6500815 0.8267282 1.061953 0.9679411 1.835302 2.222267 2.795959 
0.2176232 0.2446284 0.3120416 0.3807236 0.4482379 0.5798685 0.713884 0.9259645 1.292328 1.750509 2.08191 2.512122 
0.1917349 0.2653017 0.4181467 0.5439669 0.6432128 0.7854738 0.9132176 1.002492 1.34541 1.592197 2.406573 2.971161 
0.2140241 0.2140062 0.2818678 0.4795617 0.6104215 0.7464198 0.8841498 0.9904708 1.048912 1.238705 1.129591 1.48281 
0.2357683 0.2579246 0.3164536 0.3766218 0.4833772 0.5841827 0.790988 0.8716476 1.132441 1.284122 1.543783 2.045138 
0.1818216 0.2255663 0.2946036 0.3683379 0.4435464 0.5488533 0.6760053 0.921708 1.095721 1.390573 1.741291 1.582858 
0.1053533 0.2408689 0.3039696 0.3757951 0.4928608 0.5935819 0.7710815 0.9223757 1.341552 1.62739 1.791614 2.548984 
0.01872559 0.2677763 0.3054758 0.3926003 0.4817444 0.5780667 0.6825505 0.7590327 0.8876401 1.338831 1.978292 2.906318 
0.06212132 0.2297413 0.3021617 0.4241827 0.5604646 0.686345 0.8131479 1.014132 1.203624 1.366459 1.407528 2.80147 
0.2309736 0.2716323 0.3178626 0.404861 0.5615503 0.6949776 0.8085453 0.9555027 1.114651 1.404356 1.484232 1.692851 
0.025 0.3550284 0.4370807 0.5599096 0.6899499 0.8058254 0.9254017 1.056996 1.231054 1.127778 1.414616 1.620497 
0.196 0.2749107 0.4041114 0.5110605 0.6127801 0.7362143 0.9345604 1.057217 1.244188 1.367907 1.539526 2.127844 
0.196 0.3249415 0.3494607 0.4156978 0.5054435 0.6083469 0.7995786 0.9409936 1.181783 1.310979 1.483362 1.89523 
0.1466409 0.3792459 0.406406 0.4319398 0.480508 0.557267 0.6904924 0.8792248 1.069985 1.176674 1.367878 1.564409 
0.1589229 0.1682511 0.3123456 0.5065025 0.5550952 0.6399905 0.7063585 0.9024656 1.00191 1.307218 1.374007 1.713745 
0.045 0.171 0.377 0.642 0.945 1.265 1.587 1.9 2.196 2.47 2.721 2.946 
0.045 0.171 0.377 0.643 0.946 1.266 1.588 1.902 2.198 2.472 2.723 2.949 
0.03 0.13 0.306 0.548 0.835 1.148 1.47 1.789 2.095 2.382 2.647 2.887 
0.037 0.147 0.33 0.568 0.842 1.134 1.43 1.718 1.991 2.246 2.478 2.688 
0.038 0.147 0.326 0.558 0.825 1.108 1.393 1.671 1.934 2.178 2.402 2.603 
0.034 0.136 0.31 0.54 0.808 1.095 1.387 1.674 1.946 2.201 2.434 2.645 
0.044 0.16 0.34 0.567 0.822 1.087 1.351 1.606 1.845 2.065 2.266 2.446 
0.032 0.13 0.294 0.51 0.76 1.028 1.3 1.566 1.818 2.054 2.27 2.465 
0.032 0.129 0.295 0.516 0.774 1.05 1.332 1.608 1.872 2.117 2.343 2.547 
0.036 0.138 0.304 0.518 0.762 1.02 1.28 1.532 1.77 1.991 2.193 2.375 
0.036 0.136 0.298 0.506 0.743 0.994 1.245 1.49 1.721 1.934 2.13 2.306 
0.041 0.148 0.314 0.524 0.758 1.003 1.247 1.481 1.702 1.905 2.089 2.255 
0.039 0.144 0.309 0.519 0.755 1.002 1.249 1.488 1.712 1.92 2.108 2.278 
0.042 0.138 0.28 0.451 0.638 0.828 1.014 1.191 1.356 1.507 1.643 1.764 
0.044 0.156 0.328 0.541 0.778 1.024 1.267 1.501 1.719 1.921 2.103 2.267 
0.04 0.149 0.322 0.541 0.789 1.048 1.308 1.558 1.794 2.012 2.211 2.389 
0.042 0.151 0.323 0.539 0.781 1.033 1.285 1.527 1.755 1.965 2.156 2.327 
0.034 0.132 0.294 0.504 0.745 1.001 1.26 1.512 1.751 1.973 2.176 2.359 
0.038 0.145 0.315 0.533 0.78 1.041 1.302 1.554 1.793 2.013 2.215 2.396 
0.044 0.158 0.337 0.561 0.812 1.074 1.334 1.585 1.821 2.038 2.236 2.413 
0.042 0.15 0.32 0.532 0.769 1.017 1.263 1.499 1.722 1.927 2.113 2.28 
0.039 0.142 0.305 0.511 0.743 0.985 1.227 1.461 1.68 1.883 2.068 2.234 
0.04 0.148 0.318 0.534 0.776 1.031 1.286 1.531 1.763 1.976 2.171 2.346 
0.039 0.147 0.323 0.549 0.807 1.08 1.354 1.62 1.871 2.104 2.317 2.508 
0.036 0.147 0.335 0.584 0.874 1.186 1.503 1.813 2.109 2.385 2.638 2.867 
0.038 0.146 0.318 0.54 0.792 1.058 1.325 1.583 1.827 2.053 2.26 2.446 
0.038 0.145 0.317 0.537 0.788 1.053 1.318 1.576 1.82 2.045 2.251 2.436 
0.045 0.152 0.312 0.506 0.72 0.94 1.155 1.361 1.553 1.729 1.889 2.031 
0.04 0.14 0.294 0.483 0.693 0.911 1.126 1.333 1.526 1.703 1.864 2.008 
0.037 0.146 0.324 0.557 0.824 1.107 1.394 1.673 1.938 2.183 2.408 2.611 
0.035 0.145 0.336 0.592 0.893 1.218 1.55 1.877 2.189 2.481 2.75 2.994 
0.033 0.139 0.324 0.572 0.864 1.18 1.504 1.822 2.127 2.412 2.674 2.912 
0.036 0.145 0.33 0.576 0.861 1.167 1.478 1.783 2.074 2.344 2.593 2.817 
0.04 0.154 0.341 0.584 0.862 1.157 1.454 1.743 2.017 2.272 2.504 2.714 
0.038 0.149 0.333 0.574 0.852 1.148 1.447 1.74 2.017 2.275 2.511 2.724 
0.037 0.15 0.341 0.595 0.89 1.206 1.527 1.842 2.142 2.422 2.678 2.911 
0.038 0.152 0.347 0.606 0.907 1.23 1.558 1.88 2.187 2.473 2.735 2.973 
0.038 0.149 0.335 0.579 0.861 1.161 1.465 1.762 2.044 2.306 2.546 2.763 
0.036 0.146 0.334 0.585 0.876 1.19 1.51 1.823 2.122 2.4 2.656 2.888 
0.038 0.15 0.337 0.582 0.865 1.167 1.474 1.773 2.057 2.321 2.563 2.782 
0.039 0.15 0.332 0.567 0.837 1.123 1.411 1.691 1.956 2.203 2.428 2.631 
0.031 0.143 0.351 0.644 1 1.395 1.806 2.217 2.614 2.99 3.337 3.655 
0.032 0.145 0.349 0.632 0.971 1.344 1.731 2.115 2.485 2.834 3.156 3.449 
0.03020403 0.1358282 0.3293468 0.6000308 0.9279128 1.291452 1.671325 2.051916 1.921605 2.164767 2.387302 2.588023 
0.02947434 0.1369839 0.3386552 0.6251492 0.9760321 1.368295 1.780799 2.196165 1.921605 2.164767 2.387302 2.588023 
0.03279675 0.1396165 0.3277688 0.5842298 0.8892222 1.222768 1.567622 1.910247 1.921605 2.164767 2.387302 2.588023 
0.03655815 0.143295 0.3204321 0.5526425 0.8212447 1.108974 1.401743 1.688976 1.921605 2.164767 2.387302 2.588023 
0.02950162 0.131752 0.3181598 0.5780467 0.8921188 1.239742 1.602496 1.965551 1.921605 2.164767 2.387302 2.588023 
0.030703 0.1358958 0.3264408 0.5909781 0.9097125 1.261706 1.628386 1.994869 1.921605 2.164767 2.387302 2.588023 
0.02990326 0.1335201 0.3223931 0.5856931 0.9038695 1.256018 1.623482 1.991239 1.921605 2.164767 2.387302 2.588023 
0.02878186 0.1307623 0.3189781 0.5835148 0.90505 1.262466 1.636679 2.012185 1.921605 2.164767 2.387302 2.588023 
0.03108389 0.1335545 0.3152505 0.5639944 0.8607287 1.185996 1.522894 1.858087 1.921605 2.164767 2.387302 2.588023 
0.03216181 0.1351981 0.3150471 0.5587362 0.8473164 1.161917 1.486392 1.80815 1.921605 2.164767 2.387302 2.588023 
0.03429559 0.1372606 0.310734 0.5403961 0.8079192 1.095996 1.390305 1.67997 1.921605 2.164767 2.387302 2.588023 
0.03754324 0.145313 0.3225406 0.5534883 0.8195008 1.103556 1.391883 1.674212 1.921605 2.164767 2.387302 2.588023 
0.03262668 0.1358385 0.3147496 0.5560688 0.840921 1.150709 1.469626 1.785408 1.921605 2.164767 2.387302 2.588023 
0.03462466 0.1411257 0.3229319 0.5657073 0.8502411 1.158039 1.473606 1.785059 1.921605 2.164767 2.387302 2.588023 
0.045 0.171 0.377 0.642 0.945 1.265 1.587 1.9 2.196 2.47 2.721 2.946 
0.045 0.171 0.377 0.643 0.946 1.266 1.588 1.902 2.198 2.472 2.723 2.949 
0.03 0.13 0.306 0.548 0.835 1.148 1.47 1.789 2.095 2.382 2.647 2.887 
0.037 0.147 0.33 0.568 0.842 1.134 1.43 1.718 1.991 2.246 2.478 2.688 
0.038 0.147 0.326 0.558 0.825 1.108 1.393 1.671 1.934 2.178 2.402 2.603 
0.034 0.136 0.31 0.54 0.808 1.095 1.387 1.674 1.946 2.201 2.434 2.645 
0.044 0.16 0.34 0.567 0.822 1.087 1.351 1.606 1.845 2.065 2.266 2.446 
0.032 0.13 0.294 0.51 0.76 1.028 1.3 1.566 1.818 2.054 2.27 2.465 
0.032 0.129 0.295 0.516 0.774 1.05 1.332 1.608 1.872 2.117 2.343 2.547 
0.036 0.138 0.304 0.518 0.762 1.02 1.28 1.532 1.77 1.991 2.193 2.375 
0.036 0.136 0.298 0.506 0.743 0.994 1.245 1.49 1.721 1.934 2.13 2.306 
0.041 0.148 0.314 0.524 0.758 1.003 1.247 1.481 1.702 1.905 2.089 2.255 
0.039 0.144 0.309 0.519 0.755 1.002 1.249 1.488 1.712 1.92 2.108 2.278 
0.042 0.138 0.28 0.451 0.638 0.828 1.014 1.191 1.356 1.507 1.643 1.764 
0.044 0.156 0.328 0.541 0.778 1.024 1.267 1.501 1.719 1.921 2.103 2.267 
0.04 0.149 0.322 0.541 0.789 1.048 1.308 1.558 1.794 2.012 2.211 2.389 
0.042 0.151 0.323 0.539 0.781 1.033 1.285 1.527 1.755 1.965 2.156 2.327 
0.034 0.132 0.294 0.504 0.745 1.001 1.26 1.512 1.751 1.973 2.176 2.359 
0.038 0.145 0.315 0.533 0.78 1.041 1.302 1.554 1.793 2.013 2.215 2.396 
0.044 0.158 0.337 0.561 0.812 1.074 1.334 1.585 1.821 2.038 2.236 2.413 
0.042 0.15 0.32 0.532 0.769 1.017 1.263 1.499 1.722 1.927 2.113 2.28 
0.039 0.142 0.305 0.511 0.743 0.985 1.227 1.461 1.68 1.883 2.068 2.234 
0.04 0.148 0.318 0.534 0.776 1.031 1.286 1.531 1.763 1.976 2.171 2.346 
0.039 0.147 0.323 0.549 0.807 1.08 1.354 1.62 1.871 2.104 2.317 2.508 
0.036 0.147 0.335 0.584 0.874 1.186 1.503 1.813 2.109 2.385 2.638 2.867 
0.038 0.146 0.318 0.54 0.792 1.058 1.325 1.583 1.827 2.053 2.26 2.446 
0.038 0.145 0.317 0.537 0.788 1.053 1.318 1.576 1.82 2.045 2.251 2.436 
0.045 0.152 0.312 0.506 0.72 0.94 1.155 1.361 1.553 1.729 1.889 2.031 
0.04 0.14 0.294 0.483 0.693 0.911 1.126 1.333 1.526 1.703 1.864 2.008 
0.037 0.146 0.324 0.557 0.824 1.107 1.394 1.673 1.938 2.183 2.408 2.611 
0.035 0.145 0.336 0.592 0.893 1.218 1.55 1.877 2.189 2.481 2.75 2.994 
0.033 0.139 0.324 0.572 0.864 1.18 1.504 1.822 2.127 2.412 2.674 2.912 
0.036 0.145 0.33 0.576 0.861 1.167 1.478 1.783 2.074 2.344 2.593 2.817 
0.04 0.154 0.341 0.584 0.862 1.157 1.454 1.743 2.017 2.272 2.504 2.714 
0.038 0.149 0.333 0.574 0.852 1.148 1.447 1.74 2.017 2.275 2.511 2.724 
0.037 0.15 0.341 0.595 0.89 1.206 1.527 1.842 2.142 2.422 2.678 2.911 
0.038 0.152 0.347 0.606 0.907 1.23 1.558 1.88 2.187 2.473 2.735 2.973 
0.038 0.149 0.335 0.579 0.861 1.161 1.465 1.762 2.044 2.306 2.546 2.763 
0.036 0.146 0.334 0.585 0.876 1.19 1.51 1.823 2.122 2.4 2.656 2.888 
0.038 0.15 0.337 0.582 0.865 1.167 1.474 1.773 2.057 2.321 2.563 2.782 
0.039 0.15 0.332 0.567 0.837 1.123 1.411 1.691 1.956 2.203 2.428 2.631 
0.031 0.143 0.351 0.644 1 1.395 1.806 2.217 2.614 2.99 3.337 3.655 
0.032 0.145 0.349 0.632 0.971 1.344 1.731 2.115 2.485 2.834 3.156 3.449 
0.03020403 0.1358282 0.3293468 0.6000308 0.9279128 1.291452 1.671325 2.051916 1.921605 2.164767 2.387302 2.588023 
0.02947434 0.1369839 0.3386552 0.6251492 0.9760321 1.368295 1.780799 2.196165 1.921605 2.164767 2.387302 2.588023 
0.03279675 0.1396165 0.3277688 0.5842298 0.8892222 1.222768 1.567622 1.910247 1.921605 2.164767 2.387302 2.588023 
0.03655815 0.143295 0.3204321 0.5526425 0.8212447 1.108974 1.401743 1.688976 1.921605 2.164767 2.387302 2.588023 
0.02950162 0.131752 0.3181598 0.5780467 0.8921188 1.239742 1.602496 1.965551 1.921605 2.164767 2.387302 2.588023 
0.030703 0.1358958 0.3264408 0.5909781 0.9097125 1.261706 1.628386 1.994869 1.921605 2.164767 2.387302 2.588023 
0.02990326 0.1335201 0.3223931 0.5856931 0.9038695 1.256018 1.623482 1.991239 1.921605 2.164767 2.387302 2.588023 
0.02878186 0.1307623 0.3189781 0.5835148 0.90505 1.262466 1.636679 2.012185 1.921605 2.164767 2.387302 2.588023 
0.03108389 0.1335545 0.3152505 0.5639944 0.8607287 1.185996 1.522894 1.858087 1.921605 2.164767 2.387302 2.588023 
0.03216181 0.1351981 0.3150471 0.5587362 0.8473164 1.161917 1.486392 1.80815 1.921605 2.164767 2.387302 2.588023 
0.03429559 0.1372606 0.310734 0.5403961 0.8079192 1.095996 1.390305 1.67997 1.921605 2.164767 2.387302 2.588023 
0.03754324 0.145313 0.3225406 0.5534883 0.8195008 1.103556 1.391883 1.674212 1.921605 2.164767 2.387302 2.588023 
0.03262668 0.1358385 0.3147496 0.5560688 0.840921 1.150709 1.469626 1.785408 1.921605 2.164767 2.387302 2.588023 
0.03462466 0.1411257 0.3229319 0.5657073 0.8502411 1.158039 1.473606 1.785059 1.921605 2.164767 2.387302 2.588023 
0.1570976 0.2230949 0.3286991 0.4290298 0.6133768 0.7405042 0.8348471 0.9347027 1.049392 1.145142 1.30798 1.543105 
0.1570976 0.2230949 0.3286991 0.4290298 0.6133768 0.7405042 0.8348471 0.9347027 1.049392 1.145142 1.30798 1.543105 
0.1570976 0.2230949 0.3286991 0.4290298 0.6133768 0.7405042 0.8348471 0.9347027 1.049392 1.145142 1.30798 1.543105 
0.1570976 0.2230949 0.3286991 0.4290298 0.6133768 0.7405042 0.8348471 0.9347027 1.049392 1.145142 1.30798 1.543105 
0.1570976 0.2230949 0.3286991 0.4290298 0.6133768 0.7405042 0.8348471 0.9347027 1.049392 1.145142 1.30798 1.543105 
0.1570976 0.2230949 0.3286991 0.4290298 0.6133768 0.7405042 0.8348471 0.9347027 1.049392 1.145142 1.30798 1.543105 
0.1570976 0.2230949 0.3286991 0.4290298 0.6133768 0.7405042 0.8348471 0.9347027 1.049392 1.145142 1.30798 1.543105 
0.1570976 0.2230949 0.3286991 0.4290298 0.6133768 0.7405042 0.8348471 0.9347027 1.049392 1.145142 1.30798 1.543105 
0.1570976 0.2230949 0.3286991 0.4290298 0.6133768 0.7405042 0.8348471 0.9347027 1.049392 1.145142 1.30798 1.543105 
0.1570976 0.2230949 0.3286991 0.4290298 0.6133768 0.7405042 0.8348471 0.9347027 1.049392 1.145142 1.30798 1.543105 
0.1570976 0.2230949 0.3286991 0.4290298 0.6133768 0.7405042 0.8348471 0.9347027 1.049392 1.145142 1.30798 1.543105 
0.1570976 0.2230949 0.3286991 0.4290298 0.6133768 0.7405042 0.8348471 0.9347027 1.049392 1.145142 1.30798 1.543105 
0.1570976 0.2230949 0.3286991 0.4290298 0.6133768 0.7405042 0.8348471 0.9347027 1.049392 1.145142 1.30798 1.543105 
0.1570976 0.2230949 0.3286991 0.4290298 0.6133768 0.7405042 0.8348471 0.9347027 1.049392 1.145142 1.30798 1.543105 
0.1570976 0.2230949 0.3286991 0.4290298 0.6133768 0.7405042 0.8348471 0.9347027 1.049392 1.145142 1.30798 1.543105 
0.1570976 0.2230949 0.3286991 0.4290298 0.6133768 0.7405042 0.8348471 0.9347027 1.049392 1.145142 1.30798 1.543105 
0.1570976 0.2230949 0.3286991 0.4290298 0.6133768 0.7405042 0.8348471 0.9347027 1.049392 1.145142 1.30798 1.543105 
0.1570976 0.2230949 0.3286991 0.4290298 0.6133768 0.7405042 0.8348471 0.9347027 1.049392 1.145142 1.30798 1.543105 
0.1570976 0.2230949 0.3286991 0.4290298 0.6133768 0.7405042 0.8348471 0.9347027 1.049392 1.145142 1.30798 1.543105 
0.1570976 0.2230949 0.3286991 0.4290298 0.6133768 0.7405042 0.8348471 0.9347027 1.049392 1.145142 1.30798 1.543105 
0.1570976 0.2230949 0.3286991 0.4290298 0.6133768 0.7405042 0.8348471 0.9347027 1.049392 1.145142 1.30798 1.543105 
0.1570976 0.2230949 0.3286991 0.4290298 0.6133768 0.7405042 0.8348471 0.9347027 1.049392 1.145142 1.30798 1.543105 
0.1570976 0.2230949 0.3286991 0.4290298 0.6133768 0.7405042 0.8348471 0.9347027 1.049392 1.145142 1.30798 1.543105 
0.1570976 0.2230949 0.3286991 0.4290298 0.6133768 0.7405042 0.8348471 0.9347027 1.049392 1.145142 1.30798 1.543105 
0.1570976 0.2230949 0.3286991 0.4290298 0.6133768 0.7405042 0.8348471 0.9347027 1.049392 1.145142 1.30798 1.543105 
0.1570976 0.2230949 0.3286991 0.4290298 0.6133768 0.7405042 0.8348471 0.9347027 1.049392 1.145142 1.30798 1.543105 
0.1570976 0.2230949 0.3286991 0.4290298 0.6133768 0.7405042 0.8348471 0.9347027 1.049392 1.145142 1.30798 1.543105 
0.1570976 0.2230949 0.3286991 0.4290298 0.6133768 0.7405042 0.8348471 0.9347027 1.049392 1.145142 1.30798 1.543105 
0.1570976 0.2230949 0.3286991 0.4290298 0.6133768 0.7405042 0.8348471 0.9347027 1.049392 1.145142 1.30798 1.543105 
0.1570976 0.2230949 0.3286991 0.4290298 0.6133768 0.7405042 0.8348471 0.9347027 1.049392 1.145142 1.30798 1.543105 
0.1570976 0.2230949 0.3286991 0.4290298 0.6133768 0.7405042 0.8348471 0.9347027 1.049392 1.145142 1.30798 1.543105 
0.1570976 0.2230949 0.3286991 0.4290298 0.6133768 0.7405042 0.8348471 0.9347027 1.049392 1.145142 1.30798 1.543105 
0.1570976 0.2230949 0.3286991 0.4290298 0.6133768 0.7405042 0.8348471 0.9347027 1.049392 1.145142 1.30798 1.543105 
0.1570976 0.2230949 0.3286991 0.4290298 0.6133768 0.7405042 0.8348471 0.9347027 1.049392 1.145142 1.30798 1.543105 
0.1570976 0.2230949 0.3286991 0.4290298 0.6133768 0.7405042 0.8348471 0.9347027 1.049392 1.145142 1.30798 1.543105 
0.1570976 0.2230949 0.3286991 0.4290298 0.6133768 0.7405042 0.8348471 0.9347027 1.049392 1.145142 1.30798 1.543105 
0.1570976 0.2230949 0.3286991 0.4290298 0.6133768 0.7405042 0.8348471 0.9347027 1.049392 1.145142 1.30798 1.543105 
0.1570976 0.2230949 0.3286991 0.4290298 0.6133768 0.7405042 0.8348471 0.9347027 1.049392 1.145142 1.30798 1.543105 
0.1570976 0.2230949 0.3286991 0.4290298 0.6133768 0.7405042 0.8348471 0.9347027 1.049392 1.145142 1.30798 1.543105 
0.1570976 0.2230949 0.3286991 0.4290298 0.6133768 0.7405042 0.8348471 0.9347027 1.049392 1.145142 1.30798 1.543105 
0.1570976 0.2230949 0.3286991 0.4290298 0.6133768 0.7405042 0.8348471 0.9347027 1.049392 1.145142 1.30798 1.543105 
0.1570976 0.2230949 0.3286991 0.4290298 0.6133768 0.7405042 0.8348471 0.9347027 1.049392 1.145142 1.30798 1.543105 
0.1570976 0.2230949 0.3286991 0.4290298 0.6133768 0.7405042 0.8348471 0.9347027 1.049392 1.145142 1.30798 1.543105 
0.1570976 0.2230949 0.3286991 0.4290298 0.6133768 0.7405042 0.8348471 0.9347027 1.049392 1.145142 1.30798 1.543105 
0.1570976 0.2230949 0.3286991 0.4290298 0.6133768 0.7405042 0.8348471 0.9347027 1.049392 1.145142 1.30798 1.543105 
0.2277163 0.2479763 0.2949346 0.4341676 0.6548281 0.8175691 0.9325919 1.097617 1.214485 1.325849 1.270054 1.822918 
0.3107392 0.3827896 0.3991144 0.4283434 0.4813015 0.6104505 0.837006 0.8826694 0.985119 1.093841 1.535457 1.264915 
0.05911567 0.191747 0.4696284 0.5485503 0.6590853 0.7032152 0.7388591 0.9223704 0.9621061 1.093707 1.359284 1.543105 
0.0663342 0.1463582 0.3051961 0.387927 0.5070352 0.6064834 0.648915 0.6343477 0.7784029 0.8678509 1.051457 1.679907 
0.1267247 0.1357683 0.2442465 0.5099079 0.789683 0.9268152 1.04037 1.042165 1.128137 1.263351 1.249168 1.404681 
0.1519559 0.2339302 0.2590749 0.2652827 0.5883277 0.7784921 0.81134 1.029047 1.228105 1.226253 1.382457 1.543105 
0.1028666 0.2043553 0.2513063 0.276745 0.2787436 0.3434552 0.5437368 0.6695599 0.6171546 0.9661307 1.031824 0.979 
0.1536478 0.1412025 0.2178014 0.2511207 0.2781832 0.5439168 0.7848716 0.9331864 1.089578 1.252001 1.362305 1.490308 
0.1512424 0.1872914 0.2114235 0.2241685 0.3101721 0.3969692 0.5125629 0.6531007 0.7576115 0.8209228 0.9115391 1.162715 
0.2088957 0.2283056 0.2723022 0.3103784 0.3485904 0.4051434 0.4698718 0.4819576 0.5611942 0.9772561 1.296655 1.162715 
0.1537217 0.199017 0.2423817 0.2655391 0.3608034 0.4935953 0.6244766 0.7533703 0.8507287 1.048513 1.196956 1.267569 
0.1537217 0.199017 0.2423817 0.2655391 0.3608034 0.4935953 0.6244766 0.7533703 0.8507287 1.048513 1.196956 1.267569 
#Pspwn 
10.5 
#Pageerr 
1 0 0 0 0 0 0 0 0 0 0 0 
0 0.7625 0.244 0.0217 5e-04 0 0 0 0 0 0 0 
0 0.2215 0.5117 0.229 0.0243 7e-04 0 0 0 0 0 0 
0 0.0159 0.2253 0.4991 0.232 0.0274 0.001 0 0 0 0 0 
0 2e-04 0.0185 0.2287 0.487 0.234 0.0306 0.0013 0 0 0 0 
0 0 3e-04 0.0213 0.2316 0.4755 0.236 0.0338 0.0016 0 0 0 
0 0 0 4e-04 0.0243 0.2341 0.4644 0.238 0.0372 0.002 0 0 
0 0 0 0 5e-04 0.0274 0.2362 0.4538 0.2394 0.0405 0.0025 1e-04 
0 0 0 0 0 7e-04 0.0306 0.238 0.4436 0.2405 0.0439 0.0031 
0 0 0 0 0 0 0.001 0.0338 0.2394 0.4339 0.2413 0.0473 
0 0 0 0 0 0 0 0.0013 0.0372 0.2405 0.4245 0.2418 
0 0 0 0 0 0 0 0 0.0016 0.0426 0.2877 0.7078 
#fleet_names 
ind ind ind ind ind ind fsh fsh fsh fsh 
Chile_AcousCS Chile_AcousN Chile_CPUE Peru_Artis_CPUE Peru_Ind_CPUE Offshore_CPUE N_Chile SC_Chile_PS FarNorth Offshore_Trawl 
1 2 3 4 5 6 1 2 3 4 
